FANN_FLO_2.1
num_layers=3
learning_rate=0.500000
connection_rate=1.000000
network_type=0
learning_momentum=0.000000
training_algorithm=2
train_error_function=1
train_stop_function=0
cascade_output_change_fraction=0.010000
quickprop_decay=-0.000100
quickprop_mu=1.750000
rprop_increase_factor=1.200000
rprop_decrease_factor=0.500000
rprop_delta_min=0.000000
rprop_delta_max=50.000000
rprop_delta_zero=0.100000
cascade_output_stagnation_epochs=12
cascade_candidate_change_fraction=0.010000
cascade_candidate_stagnation_epochs=12
cascade_max_out_epochs=150
cascade_min_out_epochs=50
cascade_max_cand_epochs=150
cascade_min_cand_epochs=50
cascade_num_candidate_groups=2
bit_fail_limit=3.49999994039535522461e-01
cascade_candidate_limit=1.00000000000000000000e+03
cascade_weight_multiplier=4.00000005960464477539e-01
cascade_activation_functions_count=10
cascade_activation_functions=3 5 7 8 10 11 14 15 16 17 
cascade_activation_steepnesses_count=4
cascade_activation_steepnesses=2.50000000000000000000e-01 5.00000000000000000000e-01 7.50000000000000000000e-01 1.00000000000000000000e+00 
layer_sizes=10 5 2 
scale_included=0
neurons (num_inputs, activation_function, activation_steepness)=(0, 0, 0.00000000000000000000e+00) (0, 0, 0.00000000000000000000e+00) (0, 0, 0.00000000000000000000e+00) (0, 0, 0.00000000000000000000e+00) (0, 0, 0.00000000000000000000e+00) (0, 0, 0.00000000000000000000e+00) (0, 0, 0.00000000000000000000e+00) (0, 0, 0.00000000000000000000e+00) (0, 0, 0.00000000000000000000e+00) (0, 0, 0.00000000000000000000e+00) (10, 3, 5.00000000000000000000e-01) (10, 3, 5.00000000000000000000e-01) (10, 3, 5.00000000000000000000e-01) (10, 3, 5.00000000000000000000e-01) (0, 3, 0.00000000000000000000e+00) (5, 3, 5.00000000000000000000e-01) (0, 3, 0.00000000000000000000e+00) 
connections (connected_to_neuron, weight)=(0, -4.76792126893997192383e-01) (1, -6.62426114082336425781e-01) (2, 6.98776578903198242188e+00) (3, 4.08332014083862304688e+00) (4, 1.26781070232391357422e+00) (5, 5.11970663070678710938e+00) (6, 4.61068773269653320312e+00) (7, 5.36579322814941406250e+00) (8, 2.81492328643798828125e+00) (9, -8.23023986816406250000e+00) (0, 7.37462520599365234375e+00) (1, 2.22862777709960937500e+01) (2, 1.22557134628295898438e+01) (3, -2.05977752804756164551e-01) (4, 2.52990818023681640625e+00) (5, 8.65877509117126464844e-01) (6, -1.02396383285522460938e+01) (7, -2.37394237518310546875e+01) (8, -3.48359751701354980469e+00) (9, -5.69386780261993408203e-01) (0, -9.94673347473144531250e+00) (1, -1.35611248016357421875e+01) (2, -5.25646114349365234375e+00) (3, 8.59560191631317138672e-01) (4, -1.60118317604064941406e+00) (5, 7.28058755397796630859e-01) (6, 4.29581022262573242188e+00) (7, 2.11830425262451171875e+01) (8, 8.83138751983642578125e+00) (9, 3.73655647039413452148e-01) (0, -1.10067084431648254395e-01) (1, 5.89803161621093750000e+01) (2, 1.50000000000000000000e+03) (3, -1.14257287597656250000e+03) (4, 3.69522762298583984375e+00) (5, 1.50000000000000000000e+03) (6, 3.50255012512207031250e+00) (7, 3.60566444396972656250e+01) (8, 2.92369384765625000000e+02) (9, -6.57462739944458007812e+00) (10, 3.56419229507446289062e+00) (11, -2.84718275070190429688e+00) (12, -3.62613320350646972656e+00) (13, 1.58570933341979980469e+00) (14, 1.20787119865417480469e+00) 
