FANN_FLO_2.1
num_layers=3
learning_rate=0.500000
connection_rate=1.000000
network_type=0
learning_momentum=0.000000
training_algorithm=2
train_error_function=1
train_stop_function=0
cascade_output_change_fraction=0.010000
quickprop_decay=-0.000100
quickprop_mu=1.750000
rprop_increase_factor=1.200000
rprop_decrease_factor=0.500000
rprop_delta_min=0.000000
rprop_delta_max=50.000000
rprop_delta_zero=0.100000
cascade_output_stagnation_epochs=12
cascade_candidate_change_fraction=0.010000
cascade_candidate_stagnation_epochs=12
cascade_max_out_epochs=150
cascade_min_out_epochs=50
cascade_max_cand_epochs=150
cascade_min_cand_epochs=50
cascade_num_candidate_groups=2
bit_fail_limit=3.49999994039535522461e-01
cascade_candidate_limit=1.00000000000000000000e+03
cascade_weight_multiplier=4.00000005960464477539e-01
cascade_activation_functions_count=10
cascade_activation_functions=3 5 7 8 10 11 14 15 16 17 
cascade_activation_steepnesses_count=4
cascade_activation_steepnesses=2.50000000000000000000e-01 5.00000000000000000000e-01 7.50000000000000000000e-01 1.00000000000000000000e+00 
layer_sizes=6 5 2 
scale_included=0
neurons (num_inputs, activation_function, activation_steepness)=(0, 0, 0.00000000000000000000e+00) (0, 0, 0.00000000000000000000e+00) (0, 0, 0.00000000000000000000e+00) (0, 0, 0.00000000000000000000e+00) (0, 0, 0.00000000000000000000e+00) (0, 0, 0.00000000000000000000e+00) (6, 3, 5.00000000000000000000e-01) (6, 3, 5.00000000000000000000e-01) (6, 3, 5.00000000000000000000e-01) (6, 3, 5.00000000000000000000e-01) (0, 3, 0.00000000000000000000e+00) (5, 0, 5.00000000000000000000e-01) (0, 0, 0.00000000000000000000e+00) 
connections (connected_to_neuron, weight)=(0, -4.58936780691146850586e-01) (1, -3.35200518369674682617e-01) (2, -3.41586433351039886475e-02) (3, 1.15229055285453796387e-01) (4, -6.47302642464637756348e-02) (5, 1.87694624066352844238e-01) (0, 1.26713263988494873047e+00) (1, -4.63148164749145507812e+00) (2, 5.35169935226440429688e+00) (3, -8.95751535892486572266e-01) (4, 1.11778712272644042969e+00) (5, 1.57699561119079589844e+00) (0, 1.02514100074768066406e+00) (1, 3.56593459844589233398e-01) (2, -5.41692399978637695312e+00) (3, -2.32462382316589355469e+00) (4, 4.19743478298187255859e-01) (5, 1.51863312721252441406e+00) (0, 1.24804902076721191406e+00) (1, 8.03004169464111328125e+00) (2, 2.25945353507995605469e+00) (3, 4.75832462310791015625e+00) (4, -5.63575565814971923828e-01) (5, 1.67505478858947753906e+00) (6, 9.59370195865631103516e-01) (7, 1.09065747261047363281e+00) (8, 1.02265083789825439453e+00) (9, 1.00688195228576660156e+00) (10, 9.80917274951934814453e-01) 
