FANN_FLO_2.1
num_layers=3
learning_rate=0.500000
connection_rate=1.000000
network_type=0
learning_momentum=0.000000
training_algorithm=2
train_error_function=1
train_stop_function=0
cascade_output_change_fraction=0.010000
quickprop_decay=-0.000100
quickprop_mu=1.750000
rprop_increase_factor=1.200000
rprop_decrease_factor=0.500000
rprop_delta_min=0.000000
rprop_delta_max=50.000000
rprop_delta_zero=0.100000
cascade_output_stagnation_epochs=12
cascade_candidate_change_fraction=0.010000
cascade_candidate_stagnation_epochs=12
cascade_max_out_epochs=150
cascade_min_out_epochs=50
cascade_max_cand_epochs=150
cascade_min_cand_epochs=50
cascade_num_candidate_groups=2
bit_fail_limit=3.49999994039535522461e-01
cascade_candidate_limit=1.00000000000000000000e+03
cascade_weight_multiplier=4.00000005960464477539e-01
cascade_activation_functions_count=10
cascade_activation_functions=3 5 7 8 10 11 14 15 16 17 
cascade_activation_steepnesses_count=4
cascade_activation_steepnesses=2.50000000000000000000e-01 5.00000000000000000000e-01 7.50000000000000000000e-01 1.00000000000000000000e+00 
layer_sizes=6 5 2 
scale_included=0
neurons (num_inputs, activation_function, activation_steepness)=(0, 0, 0.00000000000000000000e+00) (0, 0, 0.00000000000000000000e+00) (0, 0, 0.00000000000000000000e+00) (0, 0, 0.00000000000000000000e+00) (0, 0, 0.00000000000000000000e+00) (0, 0, 0.00000000000000000000e+00) (6, 3, 5.00000000000000000000e-01) (6, 3, 5.00000000000000000000e-01) (6, 3, 5.00000000000000000000e-01) (6, 3, 5.00000000000000000000e-01) (0, 3, 0.00000000000000000000e+00) (5, 0, 5.00000000000000000000e-01) (0, 0, 0.00000000000000000000e+00) 
connections (connected_to_neuron, weight)=(0, 1.10678780078887939453e+00) (1, -9.47665452957153320312e-01) (2, 5.95359277725219726562e+00) (3, 1.32183873653411865234e+00) (4, -3.33609312772750854492e-01) (5, 9.31008911132812500000e+00) (0, -6.87304809689521789551e-02) (1, -6.50098100304603576660e-02) (2, -6.47905766963958740234e-02) (3, 2.67356242984533309937e-02) (4, -1.45105957984924316406e-01) (5, 3.87336581945419311523e-01) (0, 1.14935863018035888672e+00) (1, 1.09008505940437316895e-01) (2, 3.61007928848266601562e+00) (3, 1.42335748672485351562e+00) (4, -4.67738091945648193359e-01) (5, 9.39603996276855468750e+00) (0, 1.78048629313707351685e-02) (1, -7.49023747630417346954e-04) (2, 1.91114656627178192139e-02) (3, 4.75585646927356719971e-03) (4, -2.82080136239528656006e-02) (5, 2.70963609218597412109e-01) (6, 1.08075869083404541016e+00) (7, 1.03085207939147949219e+00) (8, 1.07060515880584716797e+00) (9, 1.05071485042572021484e+00) (10, 9.97577607631683349609e-01) 
