FANN_FLO_2.1
num_layers=3
learning_rate=0.500000
connection_rate=1.000000
network_type=0
learning_momentum=0.000000
training_algorithm=2
train_error_function=1
train_stop_function=0
cascade_output_change_fraction=0.010000
quickprop_decay=-0.000100
quickprop_mu=1.750000
rprop_increase_factor=1.200000
rprop_decrease_factor=0.500000
rprop_delta_min=0.000000
rprop_delta_max=50.000000
rprop_delta_zero=0.100000
cascade_output_stagnation_epochs=12
cascade_candidate_change_fraction=0.010000
cascade_candidate_stagnation_epochs=12
cascade_max_out_epochs=150
cascade_min_out_epochs=50
cascade_max_cand_epochs=150
cascade_min_cand_epochs=50
cascade_num_candidate_groups=2
bit_fail_limit=3.49999994039535522461e-01
cascade_candidate_limit=1.00000000000000000000e+03
cascade_weight_multiplier=4.00000005960464477539e-01
cascade_activation_functions_count=10
cascade_activation_functions=3 5 7 8 10 11 14 15 16 17 
cascade_activation_steepnesses_count=4
cascade_activation_steepnesses=2.50000000000000000000e-01 5.00000000000000000000e-01 7.50000000000000000000e-01 1.00000000000000000000e+00 
layer_sizes=6 5 2 
scale_included=0
neurons (num_inputs, activation_function, activation_steepness)=(0, 0, 0.00000000000000000000e+00) (0, 0, 0.00000000000000000000e+00) (0, 0, 0.00000000000000000000e+00) (0, 0, 0.00000000000000000000e+00) (0, 0, 0.00000000000000000000e+00) (0, 0, 0.00000000000000000000e+00) (6, 3, 5.00000000000000000000e-01) (6, 3, 5.00000000000000000000e-01) (6, 3, 5.00000000000000000000e-01) (6, 3, 5.00000000000000000000e-01) (0, 3, 0.00000000000000000000e+00) (5, 0, 5.00000000000000000000e-01) (0, 0, 0.00000000000000000000e+00) 
connections (connected_to_neuron, weight)=(0, 2.91269607841968536377e-02) (1, -3.08251857757568359375e-01) (2, 2.85873025655746459961e-01) (3, -4.84290033578872680664e-01) (4, 2.50185690820217132568e-02) (5, 2.19652056694030761719e-01) (0, 1.05390000343322753906e+00) (1, 1.07997310161590576172e+00) (2, -6.98338317871093750000e+00) (3, 8.36569786071777343750e+00) (4, -1.43435630798339843750e+01) (5, 3.33175706863403320312e+00) (0, -9.07620787620544433594e-02) (1, -3.77703040838241577148e-01) (2, 2.56354689598083496094e-01) (3, -2.16013029217720031738e-01) (4, 1.08236549422144889832e-02) (5, 3.68654817342758178711e-01) (0, 8.04600715637207031250e-01) (1, 9.09662437438964843750e+00) (2, -4.23947858810424804688e+00) (3, 9.97055149078369140625e+00) (4, 1.51764650344848632812e+01) (5, 3.32323336601257324219e+00) (6, 9.85415935516357421875e-01) (7, 1.09380316734313964844e+00) (8, 9.89109456539154052734e-01) (9, 1.10221648216247558594e+00) (10, 1.06275439262390136719e+00) 
