FANN_FLO_2.1
num_layers=3
learning_rate=0.500000
connection_rate=1.000000
network_type=0
learning_momentum=0.000000
training_algorithm=2
train_error_function=1
train_stop_function=0
cascade_output_change_fraction=0.010000
quickprop_decay=-0.000100
quickprop_mu=1.750000
rprop_increase_factor=1.200000
rprop_decrease_factor=0.500000
rprop_delta_min=0.000000
rprop_delta_max=50.000000
rprop_delta_zero=0.100000
cascade_output_stagnation_epochs=12
cascade_candidate_change_fraction=0.010000
cascade_candidate_stagnation_epochs=12
cascade_max_out_epochs=150
cascade_min_out_epochs=50
cascade_max_cand_epochs=150
cascade_min_cand_epochs=50
cascade_num_candidate_groups=2
bit_fail_limit=3.49999994039535522461e-01
cascade_candidate_limit=1.00000000000000000000e+03
cascade_weight_multiplier=4.00000005960464477539e-01
cascade_activation_functions_count=10
cascade_activation_functions=3 5 7 8 10 11 14 15 16 17 
cascade_activation_steepnesses_count=4
cascade_activation_steepnesses=2.50000000000000000000e-01 5.00000000000000000000e-01 7.50000000000000000000e-01 1.00000000000000000000e+00 
layer_sizes=6 5 2 
scale_included=0
neurons (num_inputs, activation_function, activation_steepness)=(0, 0, 0.00000000000000000000e+00) (0, 0, 0.00000000000000000000e+00) (0, 0, 0.00000000000000000000e+00) (0, 0, 0.00000000000000000000e+00) (0, 0, 0.00000000000000000000e+00) (0, 0, 0.00000000000000000000e+00) (6, 3, 5.00000000000000000000e-01) (6, 3, 5.00000000000000000000e-01) (6, 3, 5.00000000000000000000e-01) (6, 3, 5.00000000000000000000e-01) (0, 3, 0.00000000000000000000e+00) (5, 0, 5.00000000000000000000e-01) (0, 0, 0.00000000000000000000e+00) 
connections (connected_to_neuron, weight)=(0, -3.40123623609542846680e-01) (1, -1.12041719257831573486e-01) (2, 3.26063126325607299805e-01) (3, 7.66055285930633544922e-02) (4, -5.60950897634029388428e-02) (5, 2.88058280944824218750e-01) (0, 9.33228954672813415527e-02) (1, -1.13064587116241455078e+00) (2, 1.91686600446701049805e-01) (3, 3.35605233907699584961e-01) (4, -2.44631096720695495605e-01) (5, 3.34516912698745727539e-01) (0, 1.08824980258941650391e+00) (1, 5.18950223922729492188e-01) (2, -6.83334016799926757812e+00) (3, -6.36528873443603515625e+00) (4, -2.99253606796264648438e+00) (5, 1.98685169219970703125e+00) (0, 1.16558218002319335938e+00) (1, 7.71215486526489257812e+00) (2, 1.24012875556945800781e+00) (3, 2.36471223831176757812e+00) (4, 3.30758929252624511719e+00) (5, 1.48007035255432128906e+00) (6, 1.07363688945770263672e+00) (7, 1.00428986549377441406e+00) (8, 1.10500717163085937500e+00) (9, 1.11106681823730468750e+00) (10, 1.11038088798522949219e+00) 
