FANN_FLO_2.1
num_layers=3
learning_rate=0.500000
connection_rate=1.000000
network_type=0
learning_momentum=0.000000
training_algorithm=2
train_error_function=1
train_stop_function=0
cascade_output_change_fraction=0.010000
quickprop_decay=-0.000100
quickprop_mu=1.750000
rprop_increase_factor=1.200000
rprop_decrease_factor=0.500000
rprop_delta_min=0.000000
rprop_delta_max=50.000000
rprop_delta_zero=0.100000
cascade_output_stagnation_epochs=12
cascade_candidate_change_fraction=0.010000
cascade_candidate_stagnation_epochs=12
cascade_max_out_epochs=150
cascade_min_out_epochs=50
cascade_max_cand_epochs=150
cascade_min_cand_epochs=50
cascade_num_candidate_groups=2
bit_fail_limit=3.49999994039535522461e-01
cascade_candidate_limit=1.00000000000000000000e+03
cascade_weight_multiplier=4.00000005960464477539e-01
cascade_activation_functions_count=10
cascade_activation_functions=3 5 7 8 10 11 14 15 16 17 
cascade_activation_steepnesses_count=4
cascade_activation_steepnesses=2.50000000000000000000e-01 5.00000000000000000000e-01 7.50000000000000000000e-01 1.00000000000000000000e+00 
layer_sizes=10 5 2 
scale_included=0
neurons (num_inputs, activation_function, activation_steepness)=(0, 0, 0.00000000000000000000e+00) (0, 0, 0.00000000000000000000e+00) (0, 0, 0.00000000000000000000e+00) (0, 0, 0.00000000000000000000e+00) (0, 0, 0.00000000000000000000e+00) (0, 0, 0.00000000000000000000e+00) (0, 0, 0.00000000000000000000e+00) (0, 0, 0.00000000000000000000e+00) (0, 0, 0.00000000000000000000e+00) (0, 0, 0.00000000000000000000e+00) (10, 3, 5.00000000000000000000e-01) (10, 3, 5.00000000000000000000e-01) (10, 3, 5.00000000000000000000e-01) (10, 3, 5.00000000000000000000e-01) (0, 3, 0.00000000000000000000e+00) (5, 3, 5.00000000000000000000e-01) (0, 3, 0.00000000000000000000e+00) 
connections (connected_to_neuron, weight)=(0, -8.11192512512207031250e-01) (1, 6.00737619400024414062e+00) (2, 4.71631669998168945312e+00) (3, -3.85126924514770507812e+00) (4, -1.10351014137268066406e+00) (5, 4.47299051284790039062e+00) (6, -6.66516399383544921875e+00) (7, -4.79840087890625000000e+00) (8, -3.55599261820316314697e-02) (9, -1.38098919391632080078e+00) (0, 6.52496290206909179688e+00) (1, -5.60468482971191406250e+00) (2, -1.14641332626342773438e+01) (3, 3.93123865127563476562e+00) (4, 1.00817883014678955078e+00) (5, 1.05544483661651611328e+00) (6, 1.64055843353271484375e+01) (7, 7.76613140106201171875e+00) (8, 2.51360368728637695312e+00) (9, -6.48641443252563476562e+00) (0, -4.56944751739501953125e+00) (1, -4.45962524414062500000e+00) (2, -1.21749029159545898438e+01) (3, 7.98369228839874267578e-01) (4, -1.11532115936279296875e+01) (5, 3.60536346435546875000e+01) (6, 8.46772338867187500000e+02) (7, 1.27465771484375000000e+03) (8, -8.66175651550292968750e-01) (9, -2.86910963058471679688e+00) (0, -3.56792390346527099609e-01) (1, 8.14497089385986328125e+00) (2, 7.35385847091674804688e+00) (3, -5.94895839691162109375e+00) (4, 5.88910520076751708984e-01) (5, 5.29542541503906250000e+00) (6, -7.29199123382568359375e+00) (7, -6.11561632156372070312e+00) (8, 7.20570325851440429688e-01) (9, 3.18796545267105102539e-01) (10, 9.33200454711914062500e+00) (11, 1.97837281227111816406e+00) (12, 8.35062384605407714844e-01) (13, -4.71824884414672851562e+00) (14, 4.80638027191162109375e-01) 
