FANN_FLO_2.1
num_layers=3
learning_rate=0.500000
connection_rate=1.000000
network_type=0
learning_momentum=0.000000
training_algorithm=2
train_error_function=1
train_stop_function=0
cascade_output_change_fraction=0.010000
quickprop_decay=-0.000100
quickprop_mu=1.750000
rprop_increase_factor=1.200000
rprop_decrease_factor=0.500000
rprop_delta_min=0.000000
rprop_delta_max=50.000000
rprop_delta_zero=0.100000
cascade_output_stagnation_epochs=12
cascade_candidate_change_fraction=0.010000
cascade_candidate_stagnation_epochs=12
cascade_max_out_epochs=150
cascade_min_out_epochs=50
cascade_max_cand_epochs=150
cascade_min_cand_epochs=50
cascade_num_candidate_groups=2
bit_fail_limit=3.49999994039535522461e-01
cascade_candidate_limit=1.00000000000000000000e+03
cascade_weight_multiplier=4.00000005960464477539e-01
cascade_activation_functions_count=10
cascade_activation_functions=3 5 7 8 10 11 14 15 16 17 
cascade_activation_steepnesses_count=4
cascade_activation_steepnesses=2.50000000000000000000e-01 5.00000000000000000000e-01 7.50000000000000000000e-01 1.00000000000000000000e+00 
layer_sizes=6 5 2 
scale_included=0
neurons (num_inputs, activation_function, activation_steepness)=(0, 0, 0.00000000000000000000e+00) (0, 0, 0.00000000000000000000e+00) (0, 0, 0.00000000000000000000e+00) (0, 0, 0.00000000000000000000e+00) (0, 0, 0.00000000000000000000e+00) (0, 0, 0.00000000000000000000e+00) (6, 3, 5.00000000000000000000e-01) (6, 3, 5.00000000000000000000e-01) (6, 3, 5.00000000000000000000e-01) (6, 3, 5.00000000000000000000e-01) (0, 3, 0.00000000000000000000e+00) (5, 0, 5.00000000000000000000e-01) (0, 0, 0.00000000000000000000e+00) 
connections (connected_to_neuron, weight)=(0, 9.50096726417541503906e-01) (1, 5.32345056533813476562e+00) (2, -2.37442040443420410156e+00) (3, -1.11779034137725830078e+00) (4, 5.95091819763183593750e-01) (5, 1.69651019573211669922e+00) (0, -3.88183206319808959961e-01) (1, -2.34659388661384582520e-01) (2, -9.68539994210004806519e-03) (3, -4.38648134469985961914e-01) (4, 3.70611920952796936035e-02) (5, 3.05288493633270263672e-01) (0, 9.57135617733001708984e-01) (1, -2.74632883071899414062e+00) (2, 5.34940862655639648438e+00) (3, 3.75079996883869171143e-02) (4, 2.56927043199539184570e-01) (5, 1.77078115940093994141e+00) (0, 1.05834579467773437500e+00) (1, -4.74102592468261718750e+00) (2, -6.63050174713134765625e+00) (3, 4.34065103530883789062e+00) (4, -2.64967918395996093750e-01) (5, 2.42630767822265625000e+00) (6, 1.06335306167602539062e+00) (7, 8.79999339580535888672e-01) (8, 1.03680479526519775391e+00) (9, 1.05585539340972900391e+00) (10, 9.22345757484436035156e-01) 
