FANN_FLO_2.1
num_layers=3
learning_rate=0.500000
connection_rate=1.000000
network_type=0
learning_momentum=0.000000
training_algorithm=2
train_error_function=1
train_stop_function=0
cascade_output_change_fraction=0.010000
quickprop_decay=-0.000100
quickprop_mu=1.750000
rprop_increase_factor=1.200000
rprop_decrease_factor=0.500000
rprop_delta_min=0.000000
rprop_delta_max=50.000000
rprop_delta_zero=0.100000
cascade_output_stagnation_epochs=12
cascade_candidate_change_fraction=0.010000
cascade_candidate_stagnation_epochs=12
cascade_max_out_epochs=150
cascade_min_out_epochs=50
cascade_max_cand_epochs=150
cascade_min_cand_epochs=50
cascade_num_candidate_groups=2
bit_fail_limit=3.49999994039535522461e-01
cascade_candidate_limit=1.00000000000000000000e+03
cascade_weight_multiplier=4.00000005960464477539e-01
cascade_activation_functions_count=10
cascade_activation_functions=3 5 7 8 10 11 14 15 16 17 
cascade_activation_steepnesses_count=4
cascade_activation_steepnesses=2.50000000000000000000e-01 5.00000000000000000000e-01 7.50000000000000000000e-01 1.00000000000000000000e+00 
layer_sizes=10 5 2 
scale_included=0
neurons (num_inputs, activation_function, activation_steepness)=(0, 0, 0.00000000000000000000e+00) (0, 0, 0.00000000000000000000e+00) (0, 0, 0.00000000000000000000e+00) (0, 0, 0.00000000000000000000e+00) (0, 0, 0.00000000000000000000e+00) (0, 0, 0.00000000000000000000e+00) (0, 0, 0.00000000000000000000e+00) (0, 0, 0.00000000000000000000e+00) (0, 0, 0.00000000000000000000e+00) (0, 0, 0.00000000000000000000e+00) (10, 3, 5.00000000000000000000e-01) (10, 3, 5.00000000000000000000e-01) (10, 3, 5.00000000000000000000e-01) (10, 3, 5.00000000000000000000e-01) (0, 3, 0.00000000000000000000e+00) (5, 3, 5.00000000000000000000e-01) (0, 3, 0.00000000000000000000e+00) 
connections (connected_to_neuron, weight)=(0, -8.95915222167968750000e+00) (1, 2.27419710159301757812e+00) (2, 5.10580968856811523438e+00) (3, 1.69744472503662109375e+01) (4, 4.18556261062622070312e+00) (5, 7.49834108352661132812e+00) (6, 2.58095192909240722656e+00) (7, -1.10697066783905029297e+00) (8, -1.59859836101531982422e+00) (9, -7.41109275817871093750e+00) (0, 1.33554449081420898438e+01) (1, 2.80594897270202636719e+00) (2, -5.05094671249389648438e+00) (3, -4.08770513534545898438e+00) (4, 1.02437372207641601562e+01) (5, 5.16176557540893554688e+00) (6, -1.26839656829833984375e+01) (7, 1.28211402893066406250e+01) (8, 4.67656183242797851562e+00) (9, -7.70981121063232421875e+00) (0, 6.90652704238891601562e+00) (1, 1.43972511291503906250e+01) (2, -3.15037155151367187500e+00) (3, -1.05842220783233642578e+00) (4, -1.80040740966796875000e+01) (5, 4.90520524978637695312e+00) (6, 1.07421588897705078125e+00) (7, 1.21818542480468750000e+01) (8, 4.93128585815429687500e+00) (9, -4.18799400329589843750e+00) (0, -8.11067104339599609375e+00) (1, 2.32549953460693359375e+00) (2, 3.70491051673889160156e+00) (3, 1.68924636840820312500e+01) (4, 4.20508146286010742188e+00) (5, 7.72786903381347656250e+00) (6, 2.10475015640258789062e+00) (7, -1.22322499752044677734e+00) (8, -5.45132994651794433594e-01) (9, -7.41665172576904296875e+00) (10, 4.62678998708724975586e-01) (11, 7.96907305717468261719e-01) (12, 1.11324441432952880859e+00) (13, 4.05952781438827514648e-01) (14, -1.39347255229949951172e+00) 
