FANN_FLO_2.1
num_layers=3
learning_rate=0.500000
connection_rate=1.000000
network_type=0
learning_momentum=0.000000
training_algorithm=2
train_error_function=1
train_stop_function=0
cascade_output_change_fraction=0.010000
quickprop_decay=-0.000100
quickprop_mu=1.750000
rprop_increase_factor=1.200000
rprop_decrease_factor=0.500000
rprop_delta_min=0.000000
rprop_delta_max=50.000000
rprop_delta_zero=0.100000
cascade_output_stagnation_epochs=12
cascade_candidate_change_fraction=0.010000
cascade_candidate_stagnation_epochs=12
cascade_max_out_epochs=150
cascade_min_out_epochs=50
cascade_max_cand_epochs=150
cascade_min_cand_epochs=50
cascade_num_candidate_groups=2
bit_fail_limit=3.49999994039535522461e-01
cascade_candidate_limit=1.00000000000000000000e+03
cascade_weight_multiplier=4.00000005960464477539e-01
cascade_activation_functions_count=10
cascade_activation_functions=3 5 7 8 10 11 14 15 16 17 
cascade_activation_steepnesses_count=4
cascade_activation_steepnesses=2.50000000000000000000e-01 5.00000000000000000000e-01 7.50000000000000000000e-01 1.00000000000000000000e+00 
layer_sizes=10 5 2 
scale_included=0
neurons (num_inputs, activation_function, activation_steepness)=(0, 0, 0.00000000000000000000e+00) (0, 0, 0.00000000000000000000e+00) (0, 0, 0.00000000000000000000e+00) (0, 0, 0.00000000000000000000e+00) (0, 0, 0.00000000000000000000e+00) (0, 0, 0.00000000000000000000e+00) (0, 0, 0.00000000000000000000e+00) (0, 0, 0.00000000000000000000e+00) (0, 0, 0.00000000000000000000e+00) (0, 0, 0.00000000000000000000e+00) (10, 3, 5.00000000000000000000e-01) (10, 3, 5.00000000000000000000e-01) (10, 3, 5.00000000000000000000e-01) (10, 3, 5.00000000000000000000e-01) (0, 3, 0.00000000000000000000e+00) (5, 3, 5.00000000000000000000e-01) (0, 3, 0.00000000000000000000e+00) 
connections (connected_to_neuron, weight)=(0, 3.06148681640625000000e+01) (1, -2.72533130645751953125e+01) (2, 2.64923534393310546875e+01) (3, 1.16961221694946289062e+01) (4, -1.49834566116333007812e+01) (5, 5.08521139621734619141e-01) (6, 2.58554863929748535156e+00) (7, 1.41211156845092773438e+01) (8, -7.61716127395629882812e-01) (9, -9.05193805694580078125e+00) (0, -1.64567298889160156250e+01) (1, 1.44806499481201171875e+01) (2, 5.24461221694946289062e+00) (3, 2.47690067291259765625e+01) (4, 5.75441420078277587891e-01) (5, 1.64058399200439453125e+00) (6, 2.57419657707214355469e+00) (7, 5.52897834777832031250e+00) (8, 1.93595898151397705078e+00) (9, -1.07053384780883789062e+01) (0, -1.70999050140380859375e+00) (1, 1.04909095764160156250e+01) (2, 6.82431840896606445312e+00) (3, 1.22514617443084716797e+00) (4, 1.43227224349975585938e+01) (5, -9.48454761505126953125e+00) (6, -1.76175727844238281250e+01) (7, 1.85394077301025390625e+01) (8, 8.39582824707031250000e+00) (9, -1.07131881713867187500e+01) (0, 2.47408065795898437500e+01) (1, -2.79153652191162109375e+01) (2, 2.02225971221923828125e+01) (3, -6.93168592453002929688e+00) (4, -9.30051994323730468750e+00) (5, -8.02794742584228515625e+00) (6, -1.55790495872497558594e+00) (7, -4.97801589965820312500e+00) (8, 7.52167701721191406250e+00) (9, 8.33403587341308593750e+00) (10, 8.26668381690979003906e-01) (11, 9.90023493766784667969e-01) (12, 5.02037882804870605469e-01) (13, 1.85615286231040954590e-01) (14, -9.51648533344268798828e-01) 
