FANN_FLO_2.1
num_layers=3
learning_rate=0.500000
connection_rate=1.000000
network_type=0
learning_momentum=0.000000
training_algorithm=2
train_error_function=1
train_stop_function=0
cascade_output_change_fraction=0.010000
quickprop_decay=-0.000100
quickprop_mu=1.750000
rprop_increase_factor=1.200000
rprop_decrease_factor=0.500000
rprop_delta_min=0.000000
rprop_delta_max=50.000000
rprop_delta_zero=0.100000
cascade_output_stagnation_epochs=12
cascade_candidate_change_fraction=0.010000
cascade_candidate_stagnation_epochs=12
cascade_max_out_epochs=150
cascade_min_out_epochs=50
cascade_max_cand_epochs=150
cascade_min_cand_epochs=50
cascade_num_candidate_groups=2
bit_fail_limit=3.49999994039535522461e-01
cascade_candidate_limit=1.00000000000000000000e+03
cascade_weight_multiplier=4.00000005960464477539e-01
cascade_activation_functions_count=10
cascade_activation_functions=3 5 7 8 10 11 14 15 16 17 
cascade_activation_steepnesses_count=4
cascade_activation_steepnesses=2.50000000000000000000e-01 5.00000000000000000000e-01 7.50000000000000000000e-01 1.00000000000000000000e+00 
layer_sizes=10 3 2 
scale_included=0
neurons (num_inputs, activation_function, activation_steepness)=(0, 0, 0.00000000000000000000e+00) (0, 0, 0.00000000000000000000e+00) (0, 0, 0.00000000000000000000e+00) (0, 0, 0.00000000000000000000e+00) (0, 0, 0.00000000000000000000e+00) (0, 0, 0.00000000000000000000e+00) (0, 0, 0.00000000000000000000e+00) (0, 0, 0.00000000000000000000e+00) (0, 0, 0.00000000000000000000e+00) (0, 0, 0.00000000000000000000e+00) (10, 3, 5.00000000000000000000e-01) (10, 3, 5.00000000000000000000e-01) (0, 3, 0.00000000000000000000e+00) (3, 3, 5.00000000000000000000e-01) (0, 3, 0.00000000000000000000e+00) 
connections (connected_to_neuron, weight)=(0, 6.38328170776367187500e+00) (1, -5.21264219284057617188e+00) (2, -8.72474765777587890625e+00) (3, 7.35523605346679687500e+00) (4, 5.90323731303215026855e-02) (5, -1.32142601013183593750e+01) (6, 1.08334178924560546875e+01) (7, 4.98414516448974609375e+00) (8, -1.97551965713500976562e+00) (9, -2.85930085182189941406e+00) (0, -9.58681881427764892578e-01) (1, 7.49370718002319335938e+00) (2, 7.12436914443969726562e+00) (3, -6.28145027160644531250e+00) (4, -8.06060850620269775391e-01) (5, 1.14086847305297851562e+01) (6, -1.10569076538085937500e+01) (7, -4.27688598632812500000e+00) (8, 3.21530282497406005859e-01) (9, -3.77231073379516601562e+00) (10, 4.26889228820800781250e+00) (11, 4.64483976364135742188e+00) (12, -7.59487628936767578125e-01) 
