FANN_FLO_2.1
num_layers=3
learning_rate=0.500000
connection_rate=1.000000
network_type=0
learning_momentum=0.000000
training_algorithm=2
train_error_function=1
train_stop_function=0
cascade_output_change_fraction=0.010000
quickprop_decay=-0.000100
quickprop_mu=1.750000
rprop_increase_factor=1.200000
rprop_decrease_factor=0.500000
rprop_delta_min=0.000000
rprop_delta_max=50.000000
rprop_delta_zero=0.100000
cascade_output_stagnation_epochs=12
cascade_candidate_change_fraction=0.010000
cascade_candidate_stagnation_epochs=12
cascade_max_out_epochs=150
cascade_min_out_epochs=50
cascade_max_cand_epochs=150
cascade_min_cand_epochs=50
cascade_num_candidate_groups=2
bit_fail_limit=3.49999994039535522461e-01
cascade_candidate_limit=1.00000000000000000000e+03
cascade_weight_multiplier=4.00000005960464477539e-01
cascade_activation_functions_count=10
cascade_activation_functions=3 5 7 8 10 11 14 15 16 17 
cascade_activation_steepnesses_count=4
cascade_activation_steepnesses=2.50000000000000000000e-01 5.00000000000000000000e-01 7.50000000000000000000e-01 1.00000000000000000000e+00 
layer_sizes=6 5 2 
scale_included=0
neurons (num_inputs, activation_function, activation_steepness)=(0, 0, 0.00000000000000000000e+00) (0, 0, 0.00000000000000000000e+00) (0, 0, 0.00000000000000000000e+00) (0, 0, 0.00000000000000000000e+00) (0, 0, 0.00000000000000000000e+00) (0, 0, 0.00000000000000000000e+00) (6, 3, 5.00000000000000000000e-01) (6, 3, 5.00000000000000000000e-01) (6, 3, 5.00000000000000000000e-01) (6, 3, 5.00000000000000000000e-01) (0, 3, 0.00000000000000000000e+00) (5, 0, 5.00000000000000000000e-01) (0, 0, 0.00000000000000000000e+00) 
connections (connected_to_neuron, weight)=(0, -3.82016934454441070557e-02) (1, -2.74844348430633544922e-01) (2, 2.67603129148483276367e-01) (3, 1.70556217432022094727e-01) (4, -2.91076339781284332275e-02) (5, 2.94942408800125122070e-01) (0, -6.17336109280586242676e-02) (1, -2.84395098686218261719e-01) (2, 3.74933421611785888672e-01) (3, 2.17596262693405151367e-01) (4, 3.19245876744389533997e-03) (5, 2.76714026927947998047e-01) (0, 1.13941073417663574219e+00) (1, -3.13895225524902343750e+00) (2, -9.62258911132812500000e+00) (3, 5.94334506988525390625e+00) (4, -1.21467494964599609375e+01) (5, 3.37135982513427734375e+00) (0, 1.07352507114410400391e+00) (1, 6.42821693420410156250e+00) (2, -5.07814407348632812500e+00) (3, -8.12072849273681640625e+00) (4, 4.01960086822509765625e+00) (5, 2.42146396636962890625e+00) (6, 1.00913524627685546875e+00) (7, 9.80431854724884033203e-01) (8, 1.09268689155578613281e+00) (9, 1.11609280109405517578e+00) (10, 1.06750404834747314453e+00) 
