FANN_FLO_2.1
num_layers=3
learning_rate=0.500000
connection_rate=1.000000
network_type=0
learning_momentum=0.000000
training_algorithm=2
train_error_function=1
train_stop_function=0
cascade_output_change_fraction=0.010000
quickprop_decay=-0.000100
quickprop_mu=1.750000
rprop_increase_factor=1.200000
rprop_decrease_factor=0.500000
rprop_delta_min=0.000000
rprop_delta_max=50.000000
rprop_delta_zero=0.100000
cascade_output_stagnation_epochs=12
cascade_candidate_change_fraction=0.010000
cascade_candidate_stagnation_epochs=12
cascade_max_out_epochs=150
cascade_min_out_epochs=50
cascade_max_cand_epochs=150
cascade_min_cand_epochs=50
cascade_num_candidate_groups=2
bit_fail_limit=3.49999994039535522461e-01
cascade_candidate_limit=1.00000000000000000000e+03
cascade_weight_multiplier=4.00000005960464477539e-01
cascade_activation_functions_count=10
cascade_activation_functions=3 5 7 8 10 11 14 15 16 17 
cascade_activation_steepnesses_count=4
cascade_activation_steepnesses=2.50000000000000000000e-01 5.00000000000000000000e-01 7.50000000000000000000e-01 1.00000000000000000000e+00 
layer_sizes=10 3 2 
scale_included=0
neurons (num_inputs, activation_function, activation_steepness)=(0, 0, 0.00000000000000000000e+00) (0, 0, 0.00000000000000000000e+00) (0, 0, 0.00000000000000000000e+00) (0, 0, 0.00000000000000000000e+00) (0, 0, 0.00000000000000000000e+00) (0, 0, 0.00000000000000000000e+00) (0, 0, 0.00000000000000000000e+00) (0, 0, 0.00000000000000000000e+00) (0, 0, 0.00000000000000000000e+00) (0, 0, 0.00000000000000000000e+00) (10, 3, 5.00000000000000000000e-01) (10, 3, 5.00000000000000000000e-01) (0, 3, 0.00000000000000000000e+00) (3, 3, 5.00000000000000000000e-01) (0, 3, 0.00000000000000000000e+00) 
connections (connected_to_neuron, weight)=(0, -4.00547504425048828125e+00) (1, 3.18392291665077209473e-02) (2, -7.99089431762695312500e+00) (3, 9.32970237731933593750e+00) (4, -9.93790626525878906250e-01) (5, 3.48244810104370117188e+00) (6, -2.80048817396163940430e-01) (7, 1.24668998718261718750e+01) (8, 1.12837753295898437500e+01) (9, -6.62600135803222656250e+00) (0, 4.82613420486450195312e+00) (1, 4.83484363555908203125e+00) (2, 6.18730926513671875000e+00) (3, 5.76467633247375488281e-01) (4, 5.42014122009277343750e-01) (5, -2.18261432647705078125e+00) (6, -1.83883249759674072266e+00) (7, -1.66534309387207031250e+01) (8, -4.45312690734863281250e+00) (9, -3.67123544216156005859e-01) (10, 3.47859191894531250000e+00) (11, 7.16873598098754882812e+00) (12, -2.17213606834411621094e+00) 
