FANN_FLO_2.1
num_layers=3
learning_rate=0.500000
connection_rate=1.000000
network_type=0
learning_momentum=0.000000
training_algorithm=2
train_error_function=1
train_stop_function=0
cascade_output_change_fraction=0.010000
quickprop_decay=-0.000100
quickprop_mu=1.750000
rprop_increase_factor=1.200000
rprop_decrease_factor=0.500000
rprop_delta_min=0.000000
rprop_delta_max=50.000000
rprop_delta_zero=0.100000
cascade_output_stagnation_epochs=12
cascade_candidate_change_fraction=0.010000
cascade_candidate_stagnation_epochs=12
cascade_max_out_epochs=150
cascade_min_out_epochs=50
cascade_max_cand_epochs=150
cascade_min_cand_epochs=50
cascade_num_candidate_groups=2
bit_fail_limit=3.49999994039535522461e-01
cascade_candidate_limit=1.00000000000000000000e+03
cascade_weight_multiplier=4.00000005960464477539e-01
cascade_activation_functions_count=10
cascade_activation_functions=3 5 7 8 10 11 14 15 16 17 
cascade_activation_steepnesses_count=4
cascade_activation_steepnesses=2.50000000000000000000e-01 5.00000000000000000000e-01 7.50000000000000000000e-01 1.00000000000000000000e+00 
layer_sizes=10 5 2 
scale_included=0
neurons (num_inputs, activation_function, activation_steepness)=(0, 0, 0.00000000000000000000e+00) (0, 0, 0.00000000000000000000e+00) (0, 0, 0.00000000000000000000e+00) (0, 0, 0.00000000000000000000e+00) (0, 0, 0.00000000000000000000e+00) (0, 0, 0.00000000000000000000e+00) (0, 0, 0.00000000000000000000e+00) (0, 0, 0.00000000000000000000e+00) (0, 0, 0.00000000000000000000e+00) (0, 0, 0.00000000000000000000e+00) (10, 3, 5.00000000000000000000e-01) (10, 3, 5.00000000000000000000e-01) (10, 3, 5.00000000000000000000e-01) (10, 3, 5.00000000000000000000e-01) (0, 3, 0.00000000000000000000e+00) (5, 3, 5.00000000000000000000e-01) (0, 3, 0.00000000000000000000e+00) 
connections (connected_to_neuron, weight)=(0, 1.99040279388427734375e+01) (1, -6.45285940170288085938e+00) (2, -1.00962734222412109375e+01) (3, 8.86656284332275390625e+00) (4, 3.28952217102050781250e+00) (5, 1.63131237030029296875e+01) (6, -2.87070178985595703125e+00) (7, -8.47189521789550781250e+00) (8, 1.81856117248535156250e+01) (9, -9.70966243743896484375e+00) (0, 8.77365036010742187500e+01) (1, -5.33612394332885742188e+00) (2, -8.37941646575927734375e+00) (3, 2.98405418395996093750e+01) (4, -1.05030288696289062500e+01) (5, 1.36868190765380859375e+01) (6, 2.75974678993225097656e+00) (7, -3.25844154357910156250e+01) (8, -9.48515987396240234375e+00) (9, -1.71625919342041015625e+01) (0, 8.37789344787597656250e+00) (1, 1.23375976085662841797e+00) (2, 1.53324663639068603516e+00) (3, 1.33028783798217773438e+01) (4, -8.24666881561279296875e+00) (5, 2.42212677001953125000e+01) (6, 9.68873023986816406250e+00) (7, -7.01860249042510986328e-01) (8, -9.69246292114257812500e+00) (9, -1.15568246841430664062e+01) (0, 9.52239418029785156250e+00) (1, 2.35496401786804199219e+00) (2, 1.93685364723205566406e+00) (3, 1.40934200286865234375e+01) (4, -1.00646724700927734375e+01) (5, 2.40583515167236328125e+01) (6, 1.11001024246215820312e+01) (7, 2.38542377948760986328e-01) (8, -1.06536779403686523438e+01) (9, -1.24409332275390625000e+01) (10, 1.68086898326873779297e+00) (11, -1.14269089698791503906e+00) (12, 5.03193140029907226562e-01) (13, 1.07545363903045654297e+00) (14, -7.62018084526062011719e-01) 
