FANN_FLO_2.1
num_layers=3
learning_rate=0.500000
connection_rate=1.000000
network_type=0
learning_momentum=0.000000
training_algorithm=2
train_error_function=1
train_stop_function=0
cascade_output_change_fraction=0.010000
quickprop_decay=-0.000100
quickprop_mu=1.750000
rprop_increase_factor=1.200000
rprop_decrease_factor=0.500000
rprop_delta_min=0.000000
rprop_delta_max=50.000000
rprop_delta_zero=0.100000
cascade_output_stagnation_epochs=12
cascade_candidate_change_fraction=0.010000
cascade_candidate_stagnation_epochs=12
cascade_max_out_epochs=150
cascade_min_out_epochs=50
cascade_max_cand_epochs=150
cascade_min_cand_epochs=50
cascade_num_candidate_groups=2
bit_fail_limit=3.49999994039535522461e-01
cascade_candidate_limit=1.00000000000000000000e+03
cascade_weight_multiplier=4.00000005960464477539e-01
cascade_activation_functions_count=10
cascade_activation_functions=3 5 7 8 10 11 14 15 16 17 
cascade_activation_steepnesses_count=4
cascade_activation_steepnesses=2.50000000000000000000e-01 5.00000000000000000000e-01 7.50000000000000000000e-01 1.00000000000000000000e+00 
layer_sizes=6 5 2 
scale_included=0
neurons (num_inputs, activation_function, activation_steepness)=(0, 0, 0.00000000000000000000e+00) (0, 0, 0.00000000000000000000e+00) (0, 0, 0.00000000000000000000e+00) (0, 0, 0.00000000000000000000e+00) (0, 0, 0.00000000000000000000e+00) (0, 0, 0.00000000000000000000e+00) (6, 3, 5.00000000000000000000e-01) (6, 3, 5.00000000000000000000e-01) (6, 3, 5.00000000000000000000e-01) (6, 3, 5.00000000000000000000e-01) (0, 3, 0.00000000000000000000e+00) (5, 0, 5.00000000000000000000e-01) (0, 0, 0.00000000000000000000e+00) 
connections (connected_to_neuron, weight)=(0, 1.17698431015014648438e-01) (1, 3.46056914329528808594e+00) (2, -1.25267970561981201172e+00) (3, -8.04960787296295166016e-01) (4, 6.76412940025329589844e-01) (5, 4.22572672367095947266e-01) (0, 1.20166349411010742188e+00) (1, -7.01397418975830078125e+00) (2, 2.96247172355651855469e+00) (3, -3.45084738731384277344e+00) (4, 3.20820884704589843750e+01) (5, 6.23375177383422851562e+00) (0, -2.10289552807807922363e-01) (1, 1.81979805231094360352e-01) (2, 3.42274069786071777344e-01) (3, -9.78655159473419189453e-01) (4, -9.53902453184127807617e-02) (5, 2.88180619478225708008e-01) (0, 1.18262894451618194580e-01) (1, -3.38848733901977539062e+00) (2, 8.86288821697235107422e-01) (3, 1.80512881278991699219e+00) (4, -6.42259895801544189453e-01) (5, 2.80577570199966430664e-01) (6, 1.13241684436798095703e+00) (7, 1.19253122806549072266e+00) (8, 1.15721106529235839844e+00) (9, 1.14760351181030273438e+00) (10, 1.15030801296234130859e+00) 
