FANN_FLO_2.1
num_layers=3
learning_rate=0.500000
connection_rate=1.000000
network_type=0
learning_momentum=0.000000
training_algorithm=2
train_error_function=1
train_stop_function=0
cascade_output_change_fraction=0.010000
quickprop_decay=-0.000100
quickprop_mu=1.750000
rprop_increase_factor=1.200000
rprop_decrease_factor=0.500000
rprop_delta_min=0.000000
rprop_delta_max=50.000000
rprop_delta_zero=0.100000
cascade_output_stagnation_epochs=12
cascade_candidate_change_fraction=0.010000
cascade_candidate_stagnation_epochs=12
cascade_max_out_epochs=150
cascade_min_out_epochs=50
cascade_max_cand_epochs=150
cascade_min_cand_epochs=50
cascade_num_candidate_groups=2
bit_fail_limit=3.49999994039535522461e-01
cascade_candidate_limit=1.00000000000000000000e+03
cascade_weight_multiplier=4.00000005960464477539e-01
cascade_activation_functions_count=10
cascade_activation_functions=3 5 7 8 10 11 14 15 16 17 
cascade_activation_steepnesses_count=4
cascade_activation_steepnesses=2.50000000000000000000e-01 5.00000000000000000000e-01 7.50000000000000000000e-01 1.00000000000000000000e+00 
layer_sizes=10 5 2 
scale_included=0
neurons (num_inputs, activation_function, activation_steepness)=(0, 0, 0.00000000000000000000e+00) (0, 0, 0.00000000000000000000e+00) (0, 0, 0.00000000000000000000e+00) (0, 0, 0.00000000000000000000e+00) (0, 0, 0.00000000000000000000e+00) (0, 0, 0.00000000000000000000e+00) (0, 0, 0.00000000000000000000e+00) (0, 0, 0.00000000000000000000e+00) (0, 0, 0.00000000000000000000e+00) (0, 0, 0.00000000000000000000e+00) (10, 3, 5.00000000000000000000e-01) (10, 3, 5.00000000000000000000e-01) (10, 3, 5.00000000000000000000e-01) (10, 3, 5.00000000000000000000e-01) (0, 3, 0.00000000000000000000e+00) (5, 3, 5.00000000000000000000e-01) (0, 3, 0.00000000000000000000e+00) 
connections (connected_to_neuron, weight)=(0, 6.89323997497558593750e+00) (1, -3.62665247917175292969e+00) (2, 2.24297046661376953125e+00) (3, 1.16237735748291015625e+01) (4, 2.67998480796813964844e+00) (5, 1.07362728118896484375e+01) (6, -9.72070312500000000000e+00) (7, 8.29345417022705078125e+00) (8, -5.57116866111755371094e-01) (9, -6.69424152374267578125e+00) (0, 8.76346874237060546875e+00) (1, 8.37681674957275390625e+00) (2, 1.79803097248077392578e+00) (3, -7.10441923141479492188e+00) (4, -2.43773818016052246094e+00) (5, 9.09008216857910156250e+00) (6, 9.19916057586669921875e+00) (7, 1.78465118408203125000e+01) (8, -1.17335863113403320312e+01) (9, -7.54595232009887695312e+00) (0, 3.81563377380371093750e+00) (1, 5.13886880874633789062e+00) (2, 3.40527820587158203125e+00) (3, 6.32782793045043945312e+00) (4, -6.55143594741821289062e+00) (5, 9.62983989715576171875e+00) (6, -2.76986304670572280884e-02) (7, 1.14634160995483398438e+01) (8, -3.74523425102233886719e+00) (9, -6.94930028915405273438e+00) (0, 6.90971326828002929688e+00) (1, -4.69603013992309570312e+00) (2, -3.50886297225952148438e+00) (3, 1.92567977905273437500e+01) (4, -1.42132730484008789062e+01) (5, 1.13509378433227539062e+01) (6, -6.52845859527587890625e+00) (7, 2.20015716552734375000e+00) (8, 1.25087089538574218750e+01) (9, -6.39269495010375976562e+00) (10, 5.95181226730346679688e-01) (11, 1.35164725780487060547e+00) (12, 7.94010698795318603516e-01) (13, 4.45431083440780639648e-01) (14, -1.72373509407043457031e+00) 
