FANN_FLO_2.1
num_layers=3
learning_rate=0.500000
connection_rate=1.000000
network_type=0
learning_momentum=0.000000
training_algorithm=2
train_error_function=1
train_stop_function=0
cascade_output_change_fraction=0.010000
quickprop_decay=-0.000100
quickprop_mu=1.750000
rprop_increase_factor=1.200000
rprop_decrease_factor=0.500000
rprop_delta_min=0.000000
rprop_delta_max=50.000000
rprop_delta_zero=0.100000
cascade_output_stagnation_epochs=12
cascade_candidate_change_fraction=0.010000
cascade_candidate_stagnation_epochs=12
cascade_max_out_epochs=150
cascade_min_out_epochs=50
cascade_max_cand_epochs=150
cascade_min_cand_epochs=50
cascade_num_candidate_groups=2
bit_fail_limit=3.49999994039535522461e-01
cascade_candidate_limit=1.00000000000000000000e+03
cascade_weight_multiplier=4.00000005960464477539e-01
cascade_activation_functions_count=10
cascade_activation_functions=3 5 7 8 10 11 14 15 16 17 
cascade_activation_steepnesses_count=4
cascade_activation_steepnesses=2.50000000000000000000e-01 5.00000000000000000000e-01 7.50000000000000000000e-01 1.00000000000000000000e+00 
layer_sizes=10 3 2 
scale_included=0
neurons (num_inputs, activation_function, activation_steepness)=(0, 0, 0.00000000000000000000e+00) (0, 0, 0.00000000000000000000e+00) (0, 0, 0.00000000000000000000e+00) (0, 0, 0.00000000000000000000e+00) (0, 0, 0.00000000000000000000e+00) (0, 0, 0.00000000000000000000e+00) (0, 0, 0.00000000000000000000e+00) (0, 0, 0.00000000000000000000e+00) (0, 0, 0.00000000000000000000e+00) (0, 0, 0.00000000000000000000e+00) (10, 3, 5.00000000000000000000e-01) (10, 3, 5.00000000000000000000e-01) (0, 3, 0.00000000000000000000e+00) (3, 3, 5.00000000000000000000e-01) (0, 3, 0.00000000000000000000e+00) 
connections (connected_to_neuron, weight)=(0, -1.81520611047744750977e-01) (1, 7.73283052444458007812e+00) (2, 8.02470970153808593750e+00) (3, -6.99760198593139648438e+00) (4, 2.03896731138229370117e-01) (5, 1.07142105102539062500e+01) (6, -1.07894582748413085938e+01) (7, -5.59516239166259765625e+00) (8, 3.56346279382705688477e-01) (9, -3.94599151611328125000e+00) (0, 5.44354629516601562500e+00) (1, -6.97932767868041992188e+00) (2, -9.39245986938476562500e+00) (3, 7.80118274688720703125e+00) (4, 1.08624920248985290527e-02) (5, -1.16418838500976562500e+01) (6, 9.56488990783691406250e+00) (7, 6.09328603744506835938e+00) (8, -6.91114366054534912109e-01) (9, -2.88569617271423339844e+00) (10, 4.44004535675048828125e+00) (11, 4.49202299118041992188e+00) (12, -7.27195262908935546875e-01) 
