FANN_FLO_2.1
num_layers=3
learning_rate=0.500000
connection_rate=1.000000
network_type=0
learning_momentum=0.000000
training_algorithm=2
train_error_function=1
train_stop_function=0
cascade_output_change_fraction=0.010000
quickprop_decay=-0.000100
quickprop_mu=1.750000
rprop_increase_factor=1.200000
rprop_decrease_factor=0.500000
rprop_delta_min=0.000000
rprop_delta_max=50.000000
rprop_delta_zero=0.100000
cascade_output_stagnation_epochs=12
cascade_candidate_change_fraction=0.010000
cascade_candidate_stagnation_epochs=12
cascade_max_out_epochs=150
cascade_min_out_epochs=50
cascade_max_cand_epochs=150
cascade_min_cand_epochs=50
cascade_num_candidate_groups=2
bit_fail_limit=3.49999994039535522461e-01
cascade_candidate_limit=1.00000000000000000000e+03
cascade_weight_multiplier=4.00000005960464477539e-01
cascade_activation_functions_count=10
cascade_activation_functions=3 5 7 8 10 11 14 15 16 17 
cascade_activation_steepnesses_count=4
cascade_activation_steepnesses=2.50000000000000000000e-01 5.00000000000000000000e-01 7.50000000000000000000e-01 1.00000000000000000000e+00 
layer_sizes=10 5 2 
scale_included=0
neurons (num_inputs, activation_function, activation_steepness)=(0, 0, 0.00000000000000000000e+00) (0, 0, 0.00000000000000000000e+00) (0, 0, 0.00000000000000000000e+00) (0, 0, 0.00000000000000000000e+00) (0, 0, 0.00000000000000000000e+00) (0, 0, 0.00000000000000000000e+00) (0, 0, 0.00000000000000000000e+00) (0, 0, 0.00000000000000000000e+00) (0, 0, 0.00000000000000000000e+00) (0, 0, 0.00000000000000000000e+00) (10, 3, 5.00000000000000000000e-01) (10, 3, 5.00000000000000000000e-01) (10, 3, 5.00000000000000000000e-01) (10, 3, 5.00000000000000000000e-01) (0, 3, 0.00000000000000000000e+00) (5, 3, 5.00000000000000000000e-01) (0, 3, 0.00000000000000000000e+00) 
connections (connected_to_neuron, weight)=(0, -6.12231397628784179688e+00) (1, 2.72134089469909667969e+00) (2, 4.92855358123779296875e+00) (3, 1.27689657211303710938e+01) (4, 3.63395452499389648438e+00) (5, 4.49024772644042968750e+00) (6, 6.03403711318969726562e+00) (7, -1.92559123039245605469e+00) (8, 8.48804235458374023438e-01) (9, -7.75020742416381835938e+00) (0, 9.02516841888427734375e+00) (1, 5.77297163009643554688e+00) (2, -2.09230080246925354004e-01) (3, 1.38944411277770996094e+00) (4, 1.05310249328613281250e+01) (5, 2.92587471008300781250e+00) (6, -2.99969253540039062500e+01) (7, 2.20195388793945312500e+01) (8, 1.11701714992523193359e+00) (9, -6.98394727706909179688e+00) (0, 1.03250064849853515625e+01) (1, 1.93204631805419921875e+01) (2, -4.76816082000732421875e+00) (3, -6.73031234741210937500e+00) (4, -2.33571472167968750000e+01) (5, 4.81293535232543945312e+00) (6, 1.30563628673553466797e+00) (7, 1.53411703109741210938e+01) (8, 7.21623039245605468750e+00) (9, -3.82146978378295898438e+00) (0, -5.37183809280395507812e+00) (1, 3.49101543426513671875e+00) (2, -1.81295096874237060547e-01) (3, 1.49561309814453125000e+01) (4, 2.77395653724670410156e+00) (5, 7.23890781402587890625e+00) (6, 1.26144731044769287109e+00) (7, -1.48822009563446044922e+00) (8, 1.76399505138397216797e+00) (9, -6.70722770690917968750e+00) (10, 6.96704924106597900391e-01) (11, 5.82103550434112548828e-01) (12, 1.16741180419921875000e+00) (13, 5.11586904525756835938e-01) (14, -1.49180305004119873047e+00) 
