FANN_FLO_2.1
num_layers=3
learning_rate=0.500000
connection_rate=1.000000
network_type=0
learning_momentum=0.000000
training_algorithm=2
train_error_function=1
train_stop_function=0
cascade_output_change_fraction=0.010000
quickprop_decay=-0.000100
quickprop_mu=1.750000
rprop_increase_factor=1.200000
rprop_decrease_factor=0.500000
rprop_delta_min=0.000000
rprop_delta_max=50.000000
rprop_delta_zero=0.100000
cascade_output_stagnation_epochs=12
cascade_candidate_change_fraction=0.010000
cascade_candidate_stagnation_epochs=12
cascade_max_out_epochs=150
cascade_min_out_epochs=50
cascade_max_cand_epochs=150
cascade_min_cand_epochs=50
cascade_num_candidate_groups=2
bit_fail_limit=3.49999994039535522461e-01
cascade_candidate_limit=1.00000000000000000000e+03
cascade_weight_multiplier=4.00000005960464477539e-01
cascade_activation_functions_count=10
cascade_activation_functions=3 5 7 8 10 11 14 15 16 17 
cascade_activation_steepnesses_count=4
cascade_activation_steepnesses=2.50000000000000000000e-01 5.00000000000000000000e-01 7.50000000000000000000e-01 1.00000000000000000000e+00 
layer_sizes=10 5 2 
scale_included=0
neurons (num_inputs, activation_function, activation_steepness)=(0, 0, 0.00000000000000000000e+00) (0, 0, 0.00000000000000000000e+00) (0, 0, 0.00000000000000000000e+00) (0, 0, 0.00000000000000000000e+00) (0, 0, 0.00000000000000000000e+00) (0, 0, 0.00000000000000000000e+00) (0, 0, 0.00000000000000000000e+00) (0, 0, 0.00000000000000000000e+00) (0, 0, 0.00000000000000000000e+00) (0, 0, 0.00000000000000000000e+00) (10, 3, 5.00000000000000000000e-01) (10, 3, 5.00000000000000000000e-01) (10, 3, 5.00000000000000000000e-01) (10, 3, 5.00000000000000000000e-01) (0, 3, 0.00000000000000000000e+00) (5, 3, 5.00000000000000000000e-01) (0, 3, 0.00000000000000000000e+00) 
connections (connected_to_neuron, weight)=(0, -4.11690235137939453125e+00) (1, -3.02940826416015625000e+01) (2, -1.96983890533447265625e+01) (3, 1.24987850189208984375e+01) (4, 3.98819148540496826172e-01) (5, -1.01238346099853515625e+01) (6, 1.61037826538085937500e+01) (7, 2.71298484802246093750e+01) (8, 7.65489435195922851562e+00) (9, -5.57739830017089843750e+00) (0, -2.45331263542175292969e+00) (1, 1.11451845169067382812e+01) (2, 2.48565793037414550781e+00) (3, 1.14767932891845703125e+01) (4, -1.00541869178414344788e-02) (5, 2.27431631088256835938e+00) (6, 1.44161443710327148438e+01) (7, 2.97773575782775878906e+00) (8, -9.54270744323730468750e+00) (9, -9.56190776824951171875e+00) (0, 1.08503656387329101562e+01) (1, 1.40451021194458007812e+01) (2, 1.22272872924804687500e+00) (3, 9.63414096832275390625e+00) (4, 3.92437577247619628906e-01) (5, -6.26112842559814453125e+00) (6, -3.86700654029846191406e+00) (7, -1.42155590057373046875e+01) (8, -1.26454687118530273438e+01) (9, -2.84451556205749511719e+00) (0, -8.55716705322265625000e+00) (1, -1.21732842922210693359e+00) (2, 8.20204353332519531250e+00) (3, -1.66674671173095703125e+01) (4, 3.61714333295822143555e-01) (5, 1.33046178817749023438e+01) (6, -7.08204603195190429688e+00) (7, -7.87109434604644775391e-01) (8, 9.88318443298339843750e+00) (9, -2.31196022033691406250e+00) (10, 3.60950207710266113281e+00) (11, 4.55599904060363769531e-01) (12, 4.17215728759765625000e+00) (13, 4.59828710556030273438e+00) (14, -1.83437836170196533203e+00) 
