FANN_FLO_2.1
num_layers=3
learning_rate=0.500000
connection_rate=1.000000
network_type=0
learning_momentum=0.000000
training_algorithm=2
train_error_function=1
train_stop_function=0
cascade_output_change_fraction=0.010000
quickprop_decay=-0.000100
quickprop_mu=1.750000
rprop_increase_factor=1.200000
rprop_decrease_factor=0.500000
rprop_delta_min=0.000000
rprop_delta_max=50.000000
rprop_delta_zero=0.100000
cascade_output_stagnation_epochs=12
cascade_candidate_change_fraction=0.010000
cascade_candidate_stagnation_epochs=12
cascade_max_out_epochs=150
cascade_min_out_epochs=50
cascade_max_cand_epochs=150
cascade_min_cand_epochs=50
cascade_num_candidate_groups=2
bit_fail_limit=3.49999994039535522461e-01
cascade_candidate_limit=1.00000000000000000000e+03
cascade_weight_multiplier=4.00000005960464477539e-01
cascade_activation_functions_count=10
cascade_activation_functions=3 5 7 8 10 11 14 15 16 17 
cascade_activation_steepnesses_count=4
cascade_activation_steepnesses=2.50000000000000000000e-01 5.00000000000000000000e-01 7.50000000000000000000e-01 1.00000000000000000000e+00 
layer_sizes=6 5 2 
scale_included=0
neurons (num_inputs, activation_function, activation_steepness)=(0, 0, 0.00000000000000000000e+00) (0, 0, 0.00000000000000000000e+00) (0, 0, 0.00000000000000000000e+00) (0, 0, 0.00000000000000000000e+00) (0, 0, 0.00000000000000000000e+00) (0, 0, 0.00000000000000000000e+00) (6, 3, 5.00000000000000000000e-01) (6, 3, 5.00000000000000000000e-01) (6, 3, 5.00000000000000000000e-01) (6, 3, 5.00000000000000000000e-01) (0, 3, 0.00000000000000000000e+00) (5, 0, 5.00000000000000000000e-01) (0, 0, 0.00000000000000000000e+00) 
connections (connected_to_neuron, weight)=(0, 1.32513999938964843750e-01) (1, 2.79181504249572753906e+00) (2, -1.03978168964385986328e+00) (3, -1.45990407466888427734e+00) (4, 7.65803977847099304199e-02) (5, 3.11482369899749755859e-01) (0, -1.13425739109516143799e-01) (1, -2.13771128654479980469e+00) (2, 4.32581454515457153320e-01) (3, 3.49922962486743927002e-02) (4, -3.32359880208969116211e-01) (5, 2.78138905763626098633e-01) (0, -2.83534638583660125732e-02) (1, -1.07118263840675354004e-01) (2, 6.61111593246459960938e-01) (3, 1.13325369358062744141e+00) (4, -2.76873052120208740234e-01) (5, 2.56584346294403076172e-01) (0, 1.13557243347167968750e+00) (1, 1.69401955604553222656e+00) (2, -1.31289892196655273438e+01) (3, -6.74929857254028320312e+00) (4, 4.70372734069824218750e+01) (5, 6.50090789794921875000e+00) (6, 1.08951997756958007812e+00) (7, 1.18698549270629882812e+00) (8, 1.10847556591033935547e+00) (9, 1.21822285652160644531e+00) (10, 1.20649969577789306641e+00) 
