FANN_FLO_2.1
num_layers=3
learning_rate=0.500000
connection_rate=1.000000
network_type=0
learning_momentum=0.000000
training_algorithm=2
train_error_function=1
train_stop_function=0
cascade_output_change_fraction=0.010000
quickprop_decay=-0.000100
quickprop_mu=1.750000
rprop_increase_factor=1.200000
rprop_decrease_factor=0.500000
rprop_delta_min=0.000000
rprop_delta_max=50.000000
rprop_delta_zero=0.100000
cascade_output_stagnation_epochs=12
cascade_candidate_change_fraction=0.010000
cascade_candidate_stagnation_epochs=12
cascade_max_out_epochs=150
cascade_min_out_epochs=50
cascade_max_cand_epochs=150
cascade_min_cand_epochs=50
cascade_num_candidate_groups=2
bit_fail_limit=3.49999994039535522461e-01
cascade_candidate_limit=1.00000000000000000000e+03
cascade_weight_multiplier=4.00000005960464477539e-01
cascade_activation_functions_count=10
cascade_activation_functions=3 5 7 8 10 11 14 15 16 17 
cascade_activation_steepnesses_count=4
cascade_activation_steepnesses=2.50000000000000000000e-01 5.00000000000000000000e-01 7.50000000000000000000e-01 1.00000000000000000000e+00 
layer_sizes=10 5 2 
scale_included=0
neurons (num_inputs, activation_function, activation_steepness)=(0, 0, 0.00000000000000000000e+00) (0, 0, 0.00000000000000000000e+00) (0, 0, 0.00000000000000000000e+00) (0, 0, 0.00000000000000000000e+00) (0, 0, 0.00000000000000000000e+00) (0, 0, 0.00000000000000000000e+00) (0, 0, 0.00000000000000000000e+00) (0, 0, 0.00000000000000000000e+00) (0, 0, 0.00000000000000000000e+00) (0, 0, 0.00000000000000000000e+00) (10, 3, 5.00000000000000000000e-01) (10, 3, 5.00000000000000000000e-01) (10, 3, 5.00000000000000000000e-01) (10, 3, 5.00000000000000000000e-01) (0, 3, 0.00000000000000000000e+00) (5, 3, 5.00000000000000000000e-01) (0, 3, 0.00000000000000000000e+00) 
connections (connected_to_neuron, weight)=(0, 6.90636277198791503906e-01) (1, -1.05775079727172851562e+01) (2, -1.92486877441406250000e+01) (3, 3.01181125640869140625e+01) (4, -5.01244163513183593750e+00) (5, -2.05119228363037109375e+01) (6, 1.29514017105102539062e+01) (7, 1.17778320312500000000e+01) (8, -2.73445010185241699219e+00) (9, -4.79523944854736328125e+00) (0, 9.51573562622070312500e+00) (1, 1.06407775878906250000e+01) (2, 4.59670639038085937500e+00) (3, 3.04770737886428833008e-01) (4, -6.61292314529418945312e-01) (5, -5.21808207035064697266e-01) (6, -3.59628343582153320312e+00) (7, -1.37758255004882812500e+01) (8, -9.16267108917236328125e+00) (9, -1.60748600959777832031e+00) (0, -1.18705244064331054688e+01) (1, -9.53082370758056640625e+00) (2, 3.66933608055114746094e+00) (3, -2.08232135772705078125e+01) (4, 4.76473808288574218750e+00) (5, 1.01689529418945312500e+01) (6, 1.53178179264068603516e+00) (7, 6.67727375030517578125e+00) (8, 1.44702835083007812500e+01) (9, -3.40499877929687500000e+00) (0, 8.87656450271606445312e-01) (1, -2.64423203468322753906e+00) (2, -7.00347065925598144531e-01) (3, 5.39285373687744140625e+00) (4, 7.28347253799438476562e+00) (5, 1.40233337879180908203e+00) (6, 3.81349515914916992188e+00) (7, 1.66836776733398437500e+01) (8, 2.23960351943969726562e+00) (9, -1.09286699295043945312e+01) (10, 4.22834825515747070312e+00) (11, 4.83759450912475585938e+00) (12, 4.05051040649414062500e+00) (13, 7.46354103088378906250e-01) (14, -1.94890928268432617188e+00) 
