FANN_FLO_2.1
num_layers=3
learning_rate=0.500000
connection_rate=1.000000
network_type=0
learning_momentum=0.000000
training_algorithm=2
train_error_function=1
train_stop_function=0
cascade_output_change_fraction=0.010000
quickprop_decay=-0.000100
quickprop_mu=1.750000
rprop_increase_factor=1.200000
rprop_decrease_factor=0.500000
rprop_delta_min=0.000000
rprop_delta_max=50.000000
rprop_delta_zero=0.100000
cascade_output_stagnation_epochs=12
cascade_candidate_change_fraction=0.010000
cascade_candidate_stagnation_epochs=12
cascade_max_out_epochs=150
cascade_min_out_epochs=50
cascade_max_cand_epochs=150
cascade_min_cand_epochs=50
cascade_num_candidate_groups=2
bit_fail_limit=3.49999994039535522461e-01
cascade_candidate_limit=1.00000000000000000000e+03
cascade_weight_multiplier=4.00000005960464477539e-01
cascade_activation_functions_count=10
cascade_activation_functions=3 5 7 8 10 11 14 15 16 17 
cascade_activation_steepnesses_count=4
cascade_activation_steepnesses=2.50000000000000000000e-01 5.00000000000000000000e-01 7.50000000000000000000e-01 1.00000000000000000000e+00 
layer_sizes=10 3 2 
scale_included=0
neurons (num_inputs, activation_function, activation_steepness)=(0, 0, 0.00000000000000000000e+00) (0, 0, 0.00000000000000000000e+00) (0, 0, 0.00000000000000000000e+00) (0, 0, 0.00000000000000000000e+00) (0, 0, 0.00000000000000000000e+00) (0, 0, 0.00000000000000000000e+00) (0, 0, 0.00000000000000000000e+00) (0, 0, 0.00000000000000000000e+00) (0, 0, 0.00000000000000000000e+00) (0, 0, 0.00000000000000000000e+00) (10, 3, 5.00000000000000000000e-01) (10, 3, 5.00000000000000000000e-01) (0, 3, 0.00000000000000000000e+00) (3, 3, 5.00000000000000000000e-01) (0, 3, 0.00000000000000000000e+00) 
connections (connected_to_neuron, weight)=(0, -3.25964736938476562500e+00) (1, -9.46810150146484375000e+00) (2, -1.23548469543457031250e+01) (3, 8.57568836212158203125e+00) (4, 2.56677246093750000000e+00) (5, -9.88405197858810424805e-02) (6, 7.19144392013549804688e+00) (7, 9.00033187866210937500e+00) (8, 1.24980652332305908203e+00) (9, -2.88817048072814941406e+00) (0, 7.38586485385894775391e-01) (1, 1.28471088409423828125e+01) (2, 8.08638095855712890625e+00) (3, -5.78330898284912109375e+00) (4, -2.27939510345458984375e+00) (5, 3.51693224906921386719e+00) (6, -8.93616962432861328125e+00) (7, -8.36667060852050781250e+00) (8, 9.49259847402572631836e-04) (9, -2.45819020271301269531e+00) (10, 2.98832035064697265625e+00) (11, 4.56482458114624023438e+00) (12, -1.02341544628143310547e+00) 
