FANN_FLO_2.1
num_layers=3
learning_rate=0.500000
connection_rate=1.000000
network_type=0
learning_momentum=0.000000
training_algorithm=2
train_error_function=1
train_stop_function=0
cascade_output_change_fraction=0.010000
quickprop_decay=-0.000100
quickprop_mu=1.750000
rprop_increase_factor=1.200000
rprop_decrease_factor=0.500000
rprop_delta_min=0.000000
rprop_delta_max=50.000000
rprop_delta_zero=0.100000
cascade_output_stagnation_epochs=12
cascade_candidate_change_fraction=0.010000
cascade_candidate_stagnation_epochs=12
cascade_max_out_epochs=150
cascade_min_out_epochs=50
cascade_max_cand_epochs=150
cascade_min_cand_epochs=50
cascade_num_candidate_groups=2
bit_fail_limit=3.49999994039535522461e-01
cascade_candidate_limit=1.00000000000000000000e+03
cascade_weight_multiplier=4.00000005960464477539e-01
cascade_activation_functions_count=10
cascade_activation_functions=3 5 7 8 10 11 14 15 16 17 
cascade_activation_steepnesses_count=4
cascade_activation_steepnesses=2.50000000000000000000e-01 5.00000000000000000000e-01 7.50000000000000000000e-01 1.00000000000000000000e+00 
layer_sizes=6 5 2 
scale_included=0
neurons (num_inputs, activation_function, activation_steepness)=(0, 0, 0.00000000000000000000e+00) (0, 0, 0.00000000000000000000e+00) (0, 0, 0.00000000000000000000e+00) (0, 0, 0.00000000000000000000e+00) (0, 0, 0.00000000000000000000e+00) (0, 0, 0.00000000000000000000e+00) (6, 3, 5.00000000000000000000e-01) (6, 3, 5.00000000000000000000e-01) (6, 3, 5.00000000000000000000e-01) (6, 3, 5.00000000000000000000e-01) (0, 3, 0.00000000000000000000e+00) (5, 0, 5.00000000000000000000e-01) (0, 0, 0.00000000000000000000e+00) 
connections (connected_to_neuron, weight)=(0, -2.19714805483818054199e-01) (1, -1.00039958953857421875e-01) (2, 2.01795414090156555176e-01) (3, -6.86458110809326171875e-01) (4, -1.29858151078224182129e-01) (5, 2.37476766109466552734e-01) (0, 1.44997978210449218750e+00) (1, 5.76209425926208496094e-02) (2, -9.29113674163818359375e+00) (3, 3.71910262107849121094e+00) (4, -9.34864282608032226562e-01) (5, 1.88866281509399414062e+00) (0, 1.21372342109680175781e+00) (1, 1.21817560195922851562e+01) (2, 9.57458198070526123047e-01) (3, 5.65088808536529541016e-01) (4, 8.37448954582214355469e-01) (5, 2.56720089912414550781e+00) (0, 6.78705945611000061035e-02) (1, -6.49351358413696289062e-01) (2, 3.77837240695953369141e-01) (3, 3.71556580066680908203e-01) (4, -2.74829149246215820312e-01) (5, 3.73547971248626708984e-01) (6, 1.00948631763458251953e+00) (7, 1.06347429752349853516e+00) (8, 1.11641752719879150391e+00) (9, 1.02905452251434326172e+00) (10, 1.08671522140502929688e+00) 
