FANN_FLO_2.1
num_layers=3
learning_rate=0.500000
connection_rate=1.000000
network_type=0
learning_momentum=0.000000
training_algorithm=2
train_error_function=1
train_stop_function=0
cascade_output_change_fraction=0.010000
quickprop_decay=-0.000100
quickprop_mu=1.750000
rprop_increase_factor=1.200000
rprop_decrease_factor=0.500000
rprop_delta_min=0.000000
rprop_delta_max=50.000000
rprop_delta_zero=0.100000
cascade_output_stagnation_epochs=12
cascade_candidate_change_fraction=0.010000
cascade_candidate_stagnation_epochs=12
cascade_max_out_epochs=150
cascade_min_out_epochs=50
cascade_max_cand_epochs=150
cascade_min_cand_epochs=50
cascade_num_candidate_groups=2
bit_fail_limit=3.49999994039535522461e-01
cascade_candidate_limit=1.00000000000000000000e+03
cascade_weight_multiplier=4.00000005960464477539e-01
cascade_activation_functions_count=10
cascade_activation_functions=3 5 7 8 10 11 14 15 16 17 
cascade_activation_steepnesses_count=4
cascade_activation_steepnesses=2.50000000000000000000e-01 5.00000000000000000000e-01 7.50000000000000000000e-01 1.00000000000000000000e+00 
layer_sizes=10 3 2 
scale_included=0
neurons (num_inputs, activation_function, activation_steepness)=(0, 0, 0.00000000000000000000e+00) (0, 0, 0.00000000000000000000e+00) (0, 0, 0.00000000000000000000e+00) (0, 0, 0.00000000000000000000e+00) (0, 0, 0.00000000000000000000e+00) (0, 0, 0.00000000000000000000e+00) (0, 0, 0.00000000000000000000e+00) (0, 0, 0.00000000000000000000e+00) (0, 0, 0.00000000000000000000e+00) (0, 0, 0.00000000000000000000e+00) (10, 3, 5.00000000000000000000e-01) (10, 3, 5.00000000000000000000e-01) (0, 3, 0.00000000000000000000e+00) (3, 3, 5.00000000000000000000e-01) (0, 3, 0.00000000000000000000e+00) 
connections (connected_to_neuron, weight)=(0, -1.70934963226318359375e+00) (1, 1.20831653475761413574e-01) (2, 4.64022779464721679688e+00) (3, -1.11045942306518554688e+01) (4, -7.96133160591125488281e-01) (5, 8.88680362701416015625e+00) (6, -4.41930246353149414062e+00) (7, 1.77731513977050781250e+00) (8, 3.61893916130065917969e+00) (9, -3.12391018867492675781e+00) (0, 5.23721647262573242188e+00) (1, 1.16389371454715728760e-01) (2, -4.98521900177001953125e+00) (3, 1.41937122344970703125e+01) (4, 3.30042660236358642578e-01) (5, -1.67317676544189453125e+01) (6, 7.60584259033203125000e+00) (7, -3.63880872726440429688e-01) (8, -7.38773202896118164062e+00) (9, -2.06566119194030761719e+00) (10, 6.85113000869750976562e+00) (11, 4.51065635681152343750e+00) (12, -7.35322356224060058594e-01) 
