FANN_FLO_2.1
num_layers=3
learning_rate=0.500000
connection_rate=1.000000
network_type=0
learning_momentum=0.000000
training_algorithm=2
train_error_function=1
train_stop_function=0
cascade_output_change_fraction=0.010000
quickprop_decay=-0.000100
quickprop_mu=1.750000
rprop_increase_factor=1.200000
rprop_decrease_factor=0.500000
rprop_delta_min=0.000000
rprop_delta_max=50.000000
rprop_delta_zero=0.100000
cascade_output_stagnation_epochs=12
cascade_candidate_change_fraction=0.010000
cascade_candidate_stagnation_epochs=12
cascade_max_out_epochs=150
cascade_min_out_epochs=50
cascade_max_cand_epochs=150
cascade_min_cand_epochs=50
cascade_num_candidate_groups=2
bit_fail_limit=3.49999994039535522461e-01
cascade_candidate_limit=1.00000000000000000000e+03
cascade_weight_multiplier=4.00000005960464477539e-01
cascade_activation_functions_count=10
cascade_activation_functions=3 5 7 8 10 11 14 15 16 17 
cascade_activation_steepnesses_count=4
cascade_activation_steepnesses=2.50000000000000000000e-01 5.00000000000000000000e-01 7.50000000000000000000e-01 1.00000000000000000000e+00 
layer_sizes=10 5 2 
scale_included=0
neurons (num_inputs, activation_function, activation_steepness)=(0, 0, 0.00000000000000000000e+00) (0, 0, 0.00000000000000000000e+00) (0, 0, 0.00000000000000000000e+00) (0, 0, 0.00000000000000000000e+00) (0, 0, 0.00000000000000000000e+00) (0, 0, 0.00000000000000000000e+00) (0, 0, 0.00000000000000000000e+00) (0, 0, 0.00000000000000000000e+00) (0, 0, 0.00000000000000000000e+00) (0, 0, 0.00000000000000000000e+00) (10, 3, 5.00000000000000000000e-01) (10, 3, 5.00000000000000000000e-01) (10, 3, 5.00000000000000000000e-01) (10, 3, 5.00000000000000000000e-01) (0, 3, 0.00000000000000000000e+00) (5, 3, 5.00000000000000000000e-01) (0, 3, 0.00000000000000000000e+00) 
connections (connected_to_neuron, weight)=(0, 3.36541342735290527344e+00) (1, -5.11069202423095703125e+00) (2, -1.02658147811889648438e+01) (3, 1.46262187957763671875e+01) (4, 1.89342036843299865723e-01) (5, -1.56301240921020507812e+01) (6, 9.09523582458496093750e+00) (7, 7.41825103759765625000e+00) (8, -4.58955478668212890625e+00) (9, -2.56335067749023437500e+00) (0, -1.56248388290405273438e+01) (1, -1.06540994644165039062e+01) (2, 2.14183926582336425781e+00) (3, -1.94471168518066406250e+01) (4, 8.05340647697448730469e-01) (5, 1.72439823150634765625e+01) (6, -3.90199232101440429688e+00) (7, 1.08943929672241210938e+01) (8, 1.53182334899902343750e+01) (9, -2.68370580673217773438e+00) (0, -2.04475712776184082031e+00) (1, -1.04388303756713867188e+01) (2, 4.62213182449340820312e+00) (3, -1.12398633956909179688e+01) (4, 1.62597849965095520020e-01) (5, 1.69082889556884765625e+01) (6, 2.16672110557556152344e+00) (7, 4.20765399932861328125e+00) (8, 6.21620845794677734375e+00) (9, -6.66047906875610351562e+00) (0, 7.78187942504882812500e+00) (1, 1.36051988601684570312e+01) (2, 8.47855663299560546875e+00) (3, -4.18878585100173950195e-01) (4, 2.99910753965377807617e-01) (5, -3.76153469085693359375e-01) (6, -7.43969106674194335938e+00) (7, -1.61280784606933593750e+01) (8, -6.78900051116943359375e+00) (9, -2.49526238441467285156e+00) (10, 4.79576635360717773438e+00) (11, 3.48889446258544921875e+00) (12, 1.14162158966064453125e+00) (13, 4.30488014221191406250e+00) (14, -2.20382928848266601562e+00) 
