FANN_FLO_2.1
num_layers=3
learning_rate=0.500000
connection_rate=1.000000
network_type=0
learning_momentum=0.000000
training_algorithm=2
train_error_function=1
train_stop_function=0
cascade_output_change_fraction=0.010000
quickprop_decay=-0.000100
quickprop_mu=1.750000
rprop_increase_factor=1.200000
rprop_decrease_factor=0.500000
rprop_delta_min=0.000000
rprop_delta_max=50.000000
rprop_delta_zero=0.100000
cascade_output_stagnation_epochs=12
cascade_candidate_change_fraction=0.010000
cascade_candidate_stagnation_epochs=12
cascade_max_out_epochs=150
cascade_min_out_epochs=50
cascade_max_cand_epochs=150
cascade_min_cand_epochs=50
cascade_num_candidate_groups=2
bit_fail_limit=3.49999994039535522461e-01
cascade_candidate_limit=1.00000000000000000000e+03
cascade_weight_multiplier=4.00000005960464477539e-01
cascade_activation_functions_count=10
cascade_activation_functions=3 5 7 8 10 11 14 15 16 17 
cascade_activation_steepnesses_count=4
cascade_activation_steepnesses=2.50000000000000000000e-01 5.00000000000000000000e-01 7.50000000000000000000e-01 1.00000000000000000000e+00 
layer_sizes=10 5 2 
scale_included=0
neurons (num_inputs, activation_function, activation_steepness)=(0, 0, 0.00000000000000000000e+00) (0, 0, 0.00000000000000000000e+00) (0, 0, 0.00000000000000000000e+00) (0, 0, 0.00000000000000000000e+00) (0, 0, 0.00000000000000000000e+00) (0, 0, 0.00000000000000000000e+00) (0, 0, 0.00000000000000000000e+00) (0, 0, 0.00000000000000000000e+00) (0, 0, 0.00000000000000000000e+00) (0, 0, 0.00000000000000000000e+00) (10, 3, 5.00000000000000000000e-01) (10, 3, 5.00000000000000000000e-01) (10, 3, 5.00000000000000000000e-01) (10, 3, 5.00000000000000000000e-01) (0, 3, 0.00000000000000000000e+00) (5, 3, 5.00000000000000000000e-01) (0, 3, 0.00000000000000000000e+00) 
connections (connected_to_neuron, weight)=(0, -1.50000000000000000000e+03) (1, -1.50000000000000000000e+03) (2, -1.50000000000000000000e+03) (3, -1.50000000000000000000e+03) (4, -1.50000000000000000000e+03) (5, -1.50000000000000000000e+03) (6, -1.50000000000000000000e+03) (7, 1.50000000000000000000e+03) (8, -1.50000000000000000000e+03) (9, -1.98433363437652587891e+00) (0, 2.75333499908447265625e+00) (1, 1.43817815780639648438e+01) (2, 4.48077583312988281250e+00) (3, -8.78466963768005371094e-02) (4, 9.68765914440155029297e-01) (5, 1.41455680131912231445e-01) (6, -9.54513263702392578125e+00) (7, -1.76120853424072265625e+01) (8, -4.71500873565673828125e+00) (9, 1.48194521665573120117e-01) (0, -1.50000000000000000000e+03) (1, -1.50000000000000000000e+03) (2, -1.50000000000000000000e+03) (3, -1.50000000000000000000e+03) (4, -1.50000000000000000000e+03) (5, -1.50000000000000000000e+03) (6, -1.50000000000000000000e+03) (7, 1.50000000000000000000e+03) (8, -1.50000000000000000000e+03) (9, -4.25216369628906250000e+01) (0, -4.69274044036865234375e+00) (1, -1.50334663391113281250e+01) (2, 1.67003428936004638672e+00) (3, 1.26405506134033203125e+01) (4, -4.74345445632934570312e+00) (5, 7.15204429626464843750e+00) (6, 9.02338123321533203125e+00) (7, 2.14551258087158203125e+01) (8, 1.88686907291412353516e+00) (9, -8.74816036224365234375e+00) (10, 1.50000000000000000000e+03) (11, 5.37694263458251953125e+00) (12, 1.50000000000000000000e+03) (13, 2.69983315467834472656e+00) (14, -1.77493536472320556641e+00) 
