FANN_FLO_2.1
num_layers=3
learning_rate=0.500000
connection_rate=1.000000
network_type=0
learning_momentum=0.000000
training_algorithm=2
train_error_function=1
train_stop_function=0
cascade_output_change_fraction=0.010000
quickprop_decay=-0.000100
quickprop_mu=1.750000
rprop_increase_factor=1.200000
rprop_decrease_factor=0.500000
rprop_delta_min=0.000000
rprop_delta_max=50.000000
rprop_delta_zero=0.100000
cascade_output_stagnation_epochs=12
cascade_candidate_change_fraction=0.010000
cascade_candidate_stagnation_epochs=12
cascade_max_out_epochs=150
cascade_min_out_epochs=50
cascade_max_cand_epochs=150
cascade_min_cand_epochs=50
cascade_num_candidate_groups=2
bit_fail_limit=3.49999994039535522461e-01
cascade_candidate_limit=1.00000000000000000000e+03
cascade_weight_multiplier=4.00000005960464477539e-01
cascade_activation_functions_count=10
cascade_activation_functions=3 5 7 8 10 11 14 15 16 17 
cascade_activation_steepnesses_count=4
cascade_activation_steepnesses=2.50000000000000000000e-01 5.00000000000000000000e-01 7.50000000000000000000e-01 1.00000000000000000000e+00 
layer_sizes=6 5 2 
scale_included=0
neurons (num_inputs, activation_function, activation_steepness)=(0, 0, 0.00000000000000000000e+00) (0, 0, 0.00000000000000000000e+00) (0, 0, 0.00000000000000000000e+00) (0, 0, 0.00000000000000000000e+00) (0, 0, 0.00000000000000000000e+00) (0, 0, 0.00000000000000000000e+00) (6, 3, 5.00000000000000000000e-01) (6, 3, 5.00000000000000000000e-01) (6, 3, 5.00000000000000000000e-01) (6, 3, 5.00000000000000000000e-01) (0, 3, 0.00000000000000000000e+00) (5, 0, 5.00000000000000000000e-01) (0, 0, 0.00000000000000000000e+00) 
connections (connected_to_neuron, weight)=(0, 3.30860503017902374268e-02) (1, -2.41252347826957702637e-01) (2, 2.00262725353240966797e-01) (3, -1.57403811812400817871e-01) (4, 3.36920889094471931458e-03) (5, 4.70692932605743408203e-01) (0, 3.78815345466136932373e-02) (1, -4.32163029909133911133e-02) (2, 1.02151893079280853271e-01) (3, 6.00197762250900268555e-02) (4, 1.50618597865104675293e-01) (5, 3.53460431098937988281e-01) (0, -1.09724640846252441406e-01) (1, 2.48818527907133102417e-02) (2, -7.51010775566101074219e-02) (3, 1.65738970041275024414e-01) (4, 1.87769144773483276367e-01) (5, 2.53285795450210571289e-01) (0, 1.38445663452148437500e+00) (1, 4.74452877044677734375e+00) (2, -9.78118419647216796875e+00) (3, -2.74915981292724609375e+00) (4, -1.62179412841796875000e+01) (5, 4.01879787445068359375e+00) (6, 1.17267680168151855469e+00) (7, 1.12726557254791259766e+00) (8, 1.16712522506713867188e+00) (9, 1.20500326156616210938e+00) (10, 1.11870574951171875000e+00) 
