FANN_FLO_2.1
num_layers=3
learning_rate=0.500000
connection_rate=1.000000
network_type=0
learning_momentum=0.000000
training_algorithm=2
train_error_function=1
train_stop_function=0
cascade_output_change_fraction=0.010000
quickprop_decay=-0.000100
quickprop_mu=1.750000
rprop_increase_factor=1.200000
rprop_decrease_factor=0.500000
rprop_delta_min=0.000000
rprop_delta_max=50.000000
rprop_delta_zero=0.100000
cascade_output_stagnation_epochs=12
cascade_candidate_change_fraction=0.010000
cascade_candidate_stagnation_epochs=12
cascade_max_out_epochs=150
cascade_min_out_epochs=50
cascade_max_cand_epochs=150
cascade_min_cand_epochs=50
cascade_num_candidate_groups=2
bit_fail_limit=3.49999994039535522461e-01
cascade_candidate_limit=1.00000000000000000000e+03
cascade_weight_multiplier=4.00000005960464477539e-01
cascade_activation_functions_count=10
cascade_activation_functions=3 5 7 8 10 11 14 15 16 17 
cascade_activation_steepnesses_count=4
cascade_activation_steepnesses=2.50000000000000000000e-01 5.00000000000000000000e-01 7.50000000000000000000e-01 1.00000000000000000000e+00 
layer_sizes=10 5 2 
scale_included=0
neurons (num_inputs, activation_function, activation_steepness)=(0, 0, 0.00000000000000000000e+00) (0, 0, 0.00000000000000000000e+00) (0, 0, 0.00000000000000000000e+00) (0, 0, 0.00000000000000000000e+00) (0, 0, 0.00000000000000000000e+00) (0, 0, 0.00000000000000000000e+00) (0, 0, 0.00000000000000000000e+00) (0, 0, 0.00000000000000000000e+00) (0, 0, 0.00000000000000000000e+00) (0, 0, 0.00000000000000000000e+00) (10, 3, 5.00000000000000000000e-01) (10, 3, 5.00000000000000000000e-01) (10, 3, 5.00000000000000000000e-01) (10, 3, 5.00000000000000000000e-01) (0, 3, 0.00000000000000000000e+00) (5, 3, 5.00000000000000000000e-01) (0, 3, 0.00000000000000000000e+00) 
connections (connected_to_neuron, weight)=(0, -2.19714527130126953125e+01) (1, -1.37802630662918090820e-01) (2, 1.07935600280761718750e+01) (3, 1.72167568206787109375e+01) (4, 1.82349181175231933594e+00) (5, -1.78713035583496093750e+00) (6, 2.30238571763038635254e-01) (7, 7.78738117218017578125e+00) (8, -1.47151231765747070312e+01) (9, 8.22926712036132812500e+00) (0, -1.30236644744873046875e+01) (1, 5.94873285293579101562e+00) (2, 2.90584921836853027344e+00) (3, 1.88676567077636718750e+01) (4, -3.38565540313720703125e+00) (5, 6.54499435424804687500e+00) (6, 2.46249246597290039062e+00) (7, -1.72305250167846679688e+00) (8, 6.63518235087394714355e-02) (9, -3.18511176109313964844e+00) (0, -2.06661491394042968750e+01) (1, 1.47174286842346191406e+00) (2, 1.21973905563354492188e+01) (3, 1.29661436080932617188e+01) (4, 1.07005872726440429688e+01) (5, -5.01221418380737304688e+00) (6, 1.04690895080566406250e+01) (7, 6.93518400192260742188e-01) (8, -1.46703538894653320312e+01) (9, 5.56910324096679687500e+00) (0, 3.11483836174011230469e+00) (1, 4.27047157287597656250e+00) (2, -1.84261846542358398438e+00) (3, 5.38908052444458007812e+00) (4, 4.43229377269744873047e-01) (5, 4.64867162704467773438e+00) (6, -1.65640521049499511719e+00) (7, 4.90746974945068359375e+00) (8, 3.64225935935974121094e+00) (9, -6.25959587097167968750e+00) (10, 9.39765334129333496094e-01) (11, 3.17009329795837402344e-01) (12, 6.46655201911926269531e-01) (13, 1.98670375347137451172e+00) (14, -2.52771210670471191406e+00) 
