FANN_FLO_2.1
num_layers=3
learning_rate=0.500000
connection_rate=1.000000
network_type=0
learning_momentum=0.000000
training_algorithm=2
train_error_function=1
train_stop_function=0
cascade_output_change_fraction=0.010000
quickprop_decay=-0.000100
quickprop_mu=1.750000
rprop_increase_factor=1.200000
rprop_decrease_factor=0.500000
rprop_delta_min=0.000000
rprop_delta_max=50.000000
rprop_delta_zero=0.100000
cascade_output_stagnation_epochs=12
cascade_candidate_change_fraction=0.010000
cascade_candidate_stagnation_epochs=12
cascade_max_out_epochs=150
cascade_min_out_epochs=50
cascade_max_cand_epochs=150
cascade_min_cand_epochs=50
cascade_num_candidate_groups=2
bit_fail_limit=3.49999994039535522461e-01
cascade_candidate_limit=1.00000000000000000000e+03
cascade_weight_multiplier=4.00000005960464477539e-01
cascade_activation_functions_count=10
cascade_activation_functions=3 5 7 8 10 11 14 15 16 17 
cascade_activation_steepnesses_count=4
cascade_activation_steepnesses=2.50000000000000000000e-01 5.00000000000000000000e-01 7.50000000000000000000e-01 1.00000000000000000000e+00 
layer_sizes=10 3 2 
scale_included=0
neurons (num_inputs, activation_function, activation_steepness)=(0, 0, 0.00000000000000000000e+00) (0, 0, 0.00000000000000000000e+00) (0, 0, 0.00000000000000000000e+00) (0, 0, 0.00000000000000000000e+00) (0, 0, 0.00000000000000000000e+00) (0, 0, 0.00000000000000000000e+00) (0, 0, 0.00000000000000000000e+00) (0, 0, 0.00000000000000000000e+00) (0, 0, 0.00000000000000000000e+00) (0, 0, 0.00000000000000000000e+00) (10, 3, 5.00000000000000000000e-01) (10, 3, 5.00000000000000000000e-01) (0, 3, 0.00000000000000000000e+00) (3, 3, 5.00000000000000000000e-01) (0, 3, 0.00000000000000000000e+00) 
connections (connected_to_neuron, weight)=(0, 4.73777866363525390625e+00) (1, -1.32750053405761718750e+01) (2, -5.40854692459106445312e+00) (3, 8.13285923004150390625e+00) (4, 3.18195390701293945312e+00) (5, 2.47819375991821289062e+00) (6, 8.71798515319824218750e+00) (7, 2.79328227043151855469e+00) (8, 7.61702394485473632812e+00) (9, -6.36501407623291015625e+00) (0, 1.12824285030364990234e+00) (1, 1.35122699737548828125e+01) (2, 7.51373720169067382812e+00) (3, -6.28651714324951171875e+00) (4, -8.20402503013610839844e-02) (5, 2.12072566151618957520e-01) (6, -7.73467206954956054688e+00) (7, -1.04875822067260742188e+01) (8, -4.76226711273193359375e+00) (9, -4.57005083560943603516e-01) (10, 2.89007091522216796875e+00) (11, 5.19933176040649414062e+00) (12, -1.67557609081268310547e+00) 
