FANN_FLO_2.1
num_layers=3
learning_rate=0.500000
connection_rate=1.000000
network_type=0
learning_momentum=0.000000
training_algorithm=2
train_error_function=1
train_stop_function=0
cascade_output_change_fraction=0.010000
quickprop_decay=-0.000100
quickprop_mu=1.750000
rprop_increase_factor=1.200000
rprop_decrease_factor=0.500000
rprop_delta_min=0.000000
rprop_delta_max=50.000000
rprop_delta_zero=0.100000
cascade_output_stagnation_epochs=12
cascade_candidate_change_fraction=0.010000
cascade_candidate_stagnation_epochs=12
cascade_max_out_epochs=150
cascade_min_out_epochs=50
cascade_max_cand_epochs=150
cascade_min_cand_epochs=50
cascade_num_candidate_groups=2
bit_fail_limit=3.49999994039535522461e-01
cascade_candidate_limit=1.00000000000000000000e+03
cascade_weight_multiplier=4.00000005960464477539e-01
cascade_activation_functions_count=10
cascade_activation_functions=3 5 7 8 10 11 14 15 16 17 
cascade_activation_steepnesses_count=4
cascade_activation_steepnesses=2.50000000000000000000e-01 5.00000000000000000000e-01 7.50000000000000000000e-01 1.00000000000000000000e+00 
layer_sizes=6 5 2 
scale_included=0
neurons (num_inputs, activation_function, activation_steepness)=(0, 0, 0.00000000000000000000e+00) (0, 0, 0.00000000000000000000e+00) (0, 0, 0.00000000000000000000e+00) (0, 0, 0.00000000000000000000e+00) (0, 0, 0.00000000000000000000e+00) (0, 0, 0.00000000000000000000e+00) (6, 3, 5.00000000000000000000e-01) (6, 3, 5.00000000000000000000e-01) (6, 3, 5.00000000000000000000e-01) (6, 3, 5.00000000000000000000e-01) (0, 3, 0.00000000000000000000e+00) (5, 0, 5.00000000000000000000e-01) (0, 0, 0.00000000000000000000e+00) 
connections (connected_to_neuron, weight)=(0, -1.05251140892505645752e-01) (1, -2.00302988290786743164e-01) (2, 1.88521638512611389160e-01) (3, -1.92935854196548461914e-01) (4, -4.93361055850982666016e-02) (5, 3.05640876293182373047e-01) (0, 3.38574461638927459717e-02) (1, -3.29179704189300537109e-01) (2, 3.13101142644882202148e-01) (3, -3.93015295267105102539e-02) (4, 5.88550157845020294189e-02) (5, 2.84959524869918823242e-01) (0, 1.02011883258819580078e+00) (1, 1.61120259761810302734e+00) (2, -1.08196210861206054688e+01) (3, 2.37046265602111816406e+00) (4, -3.16499519348144531250e+00) (5, 3.13395237922668457031e+00) (0, 1.36885690689086914062e+00) (1, 1.32958345413208007812e+01) (2, 1.99807691574096679688e+00) (3, 5.42678976058959960938e+00) (4, 1.86460518836975097656e+00) (5, 3.08617377281188964844e+00) (6, 9.74655449390411376953e-01) (7, 9.62868392467498779297e-01) (8, 1.09885311126708984375e+00) (9, 1.09582471847534179688e+00) (10, 1.08498978614807128906e+00) 
