FANN_FLO_2.1
num_layers=3
learning_rate=0.500000
connection_rate=1.000000
network_type=0
learning_momentum=0.000000
training_algorithm=2
train_error_function=1
train_stop_function=0
cascade_output_change_fraction=0.010000
quickprop_decay=-0.000100
quickprop_mu=1.750000
rprop_increase_factor=1.200000
rprop_decrease_factor=0.500000
rprop_delta_min=0.000000
rprop_delta_max=50.000000
rprop_delta_zero=0.100000
cascade_output_stagnation_epochs=12
cascade_candidate_change_fraction=0.010000
cascade_candidate_stagnation_epochs=12
cascade_max_out_epochs=150
cascade_min_out_epochs=50
cascade_max_cand_epochs=150
cascade_min_cand_epochs=50
cascade_num_candidate_groups=2
bit_fail_limit=3.49999994039535522461e-01
cascade_candidate_limit=1.00000000000000000000e+03
cascade_weight_multiplier=4.00000005960464477539e-01
cascade_activation_functions_count=10
cascade_activation_functions=3 5 7 8 10 11 14 15 16 17 
cascade_activation_steepnesses_count=4
cascade_activation_steepnesses=2.50000000000000000000e-01 5.00000000000000000000e-01 7.50000000000000000000e-01 1.00000000000000000000e+00 
layer_sizes=10 5 2 
scale_included=0
neurons (num_inputs, activation_function, activation_steepness)=(0, 0, 0.00000000000000000000e+00) (0, 0, 0.00000000000000000000e+00) (0, 0, 0.00000000000000000000e+00) (0, 0, 0.00000000000000000000e+00) (0, 0, 0.00000000000000000000e+00) (0, 0, 0.00000000000000000000e+00) (0, 0, 0.00000000000000000000e+00) (0, 0, 0.00000000000000000000e+00) (0, 0, 0.00000000000000000000e+00) (0, 0, 0.00000000000000000000e+00) (10, 3, 5.00000000000000000000e-01) (10, 3, 5.00000000000000000000e-01) (10, 3, 5.00000000000000000000e-01) (10, 3, 5.00000000000000000000e-01) (0, 3, 0.00000000000000000000e+00) (5, 3, 5.00000000000000000000e-01) (0, 3, 0.00000000000000000000e+00) 
connections (connected_to_neuron, weight)=(0, 4.68148589134216308594e-01) (1, 4.16566562652587890625e+00) (2, 4.61044692993164062500e+00) (3, 2.82193112373352050781e+00) (4, -1.83336544036865234375e+00) (5, 7.86860227584838867188e+00) (6, 4.78370523452758789062e+00) (7, 5.81497430801391601562e+00) (8, -3.61308407783508300781e+00) (9, -6.31847620010375976562e+00) (0, 1.62011981010437011719e-01) (1, 1.40039241313934326172e+00) (2, 8.59281635284423828125e+00) (3, 4.13030958175659179688e+00) (4, -1.44863218069076538086e-01) (5, 7.03760004043579101562e+00) (6, 4.66536283493041992188e+00) (7, 5.77912187576293945312e+00) (8, -3.94788789749145507812e+00) (9, -7.26318788528442382812e+00) (0, -1.05799036026000976562e+01) (1, 1.57163791656494140625e+01) (2, 1.76703989505767822266e+00) (3, 9.68835449218750000000e+00) (4, -9.29457759857177734375e+00) (5, 8.88560199737548828125e+00) (6, 1.21876316070556640625e+01) (7, -7.41820514202117919922e-01) (8, 6.84935617446899414062e+00) (9, -9.03706455230712890625e+00) (0, 3.41237182617187500000e+01) (1, -1.25955600738525390625e+01) (2, 9.05147075653076171875e-01) (3, -1.89328174591064453125e+01) (4, 1.17458045482635498047e+00) (5, -2.31335234642028808594e+00) (6, 3.45052862167358398438e+00) (7, -1.09833755493164062500e+01) (8, 1.84812011718750000000e+01) (9, -3.21427726745605468750e+00) (10, 4.48921144008636474609e-01) (11, 8.22931230068206787109e-01) (12, 1.70237803459167480469e+00) (13, 4.69171732664108276367e-01) (14, -1.85865283012390136719e+00) 
