FANN_FLO_2.1
num_layers=3
learning_rate=0.500000
connection_rate=1.000000
network_type=0
learning_momentum=0.000000
training_algorithm=2
train_error_function=1
train_stop_function=0
cascade_output_change_fraction=0.010000
quickprop_decay=-0.000100
quickprop_mu=1.750000
rprop_increase_factor=1.200000
rprop_decrease_factor=0.500000
rprop_delta_min=0.000000
rprop_delta_max=50.000000
rprop_delta_zero=0.100000
cascade_output_stagnation_epochs=12
cascade_candidate_change_fraction=0.010000
cascade_candidate_stagnation_epochs=12
cascade_max_out_epochs=150
cascade_min_out_epochs=50
cascade_max_cand_epochs=150
cascade_min_cand_epochs=50
cascade_num_candidate_groups=2
bit_fail_limit=3.49999994039535522461e-01
cascade_candidate_limit=1.00000000000000000000e+03
cascade_weight_multiplier=4.00000005960464477539e-01
cascade_activation_functions_count=10
cascade_activation_functions=3 5 7 8 10 11 14 15 16 17 
cascade_activation_steepnesses_count=4
cascade_activation_steepnesses=2.50000000000000000000e-01 5.00000000000000000000e-01 7.50000000000000000000e-01 1.00000000000000000000e+00 
layer_sizes=6 5 2 
scale_included=0
neurons (num_inputs, activation_function, activation_steepness)=(0, 0, 0.00000000000000000000e+00) (0, 0, 0.00000000000000000000e+00) (0, 0, 0.00000000000000000000e+00) (0, 0, 0.00000000000000000000e+00) (0, 0, 0.00000000000000000000e+00) (0, 0, 0.00000000000000000000e+00) (6, 3, 5.00000000000000000000e-01) (6, 3, 5.00000000000000000000e-01) (6, 3, 5.00000000000000000000e-01) (6, 3, 5.00000000000000000000e-01) (0, 3, 0.00000000000000000000e+00) (5, 0, 5.00000000000000000000e-01) (0, 0, 0.00000000000000000000e+00) 
connections (connected_to_neuron, weight)=(0, 1.22577178478240966797e+00) (1, 7.12040853500366210938e+00) (2, -1.06444187164306640625e+01) (3, 4.65977287292480468750e+00) (4, 1.89755845069885253906e+00) (5, 2.89519929885864257812e+00) (0, -7.96706527471542358398e-02) (1, 2.38882124423980712891e-01) (2, -1.02610242366790771484e+00) (3, -2.77092069387435913086e-01) (4, 7.67377078533172607422e-01) (5, 2.25173443555831909180e-01) (0, 1.24080920219421386719e+00) (1, -1.03921966552734375000e+01) (2, 1.47739326953887939453e+00) (3, 2.49066948890686035156e+00) (4, -1.01835079193115234375e+01) (5, 3.37815046310424804688e+00) (0, 1.61815788596868515015e-02) (1, -3.01694929599761962891e-01) (2, 1.41743409633636474609e+00) (3, -8.91245827078819274902e-02) (4, -7.34786391258239746094e-01) (5, 2.05611556768417358398e-01) (6, 1.09495687484741210938e+00) (7, 9.94992673397064208984e-01) (8, 1.08622562885284423828e+00) (9, 1.03421854972839355469e+00) (10, 1.08311223983764648438e+00) 
