FANN_FLO_2.1
num_layers=3
learning_rate=0.500000
connection_rate=1.000000
network_type=0
learning_momentum=0.000000
training_algorithm=2
train_error_function=1
train_stop_function=0
cascade_output_change_fraction=0.010000
quickprop_decay=-0.000100
quickprop_mu=1.750000
rprop_increase_factor=1.200000
rprop_decrease_factor=0.500000
rprop_delta_min=0.000000
rprop_delta_max=50.000000
rprop_delta_zero=0.100000
cascade_output_stagnation_epochs=12
cascade_candidate_change_fraction=0.010000
cascade_candidate_stagnation_epochs=12
cascade_max_out_epochs=150
cascade_min_out_epochs=50
cascade_max_cand_epochs=150
cascade_min_cand_epochs=50
cascade_num_candidate_groups=2
bit_fail_limit=3.49999994039535522461e-01
cascade_candidate_limit=1.00000000000000000000e+03
cascade_weight_multiplier=4.00000005960464477539e-01
cascade_activation_functions_count=10
cascade_activation_functions=3 5 7 8 10 11 14 15 16 17 
cascade_activation_steepnesses_count=4
cascade_activation_steepnesses=2.50000000000000000000e-01 5.00000000000000000000e-01 7.50000000000000000000e-01 1.00000000000000000000e+00 
layer_sizes=6 5 2 
scale_included=0
neurons (num_inputs, activation_function, activation_steepness)=(0, 0, 0.00000000000000000000e+00) (0, 0, 0.00000000000000000000e+00) (0, 0, 0.00000000000000000000e+00) (0, 0, 0.00000000000000000000e+00) (0, 0, 0.00000000000000000000e+00) (0, 0, 0.00000000000000000000e+00) (6, 3, 5.00000000000000000000e-01) (6, 3, 5.00000000000000000000e-01) (6, 3, 5.00000000000000000000e-01) (6, 3, 5.00000000000000000000e-01) (0, 3, 0.00000000000000000000e+00) (5, 0, 5.00000000000000000000e-01) (0, 0, 0.00000000000000000000e+00) 
connections (connected_to_neuron, weight)=(0, 1.06695377826690673828e+00) (1, -9.38031005859375000000e+00) (2, 1.13155889511108398438e+00) (3, -3.49472016096115112305e-01) (4, -2.92640775442123413086e-01) (5, 2.51668620109558105469e+00) (0, 1.08457350730895996094e+00) (1, 4.27122354507446289062e+00) (2, -7.64997386932373046875e+00) (3, 1.36228001117706298828e+00) (4, 1.68425238132476806641e+00) (5, 2.37870931625366210938e+00) (0, -3.90075147151947021484e-03) (1, 2.00991675257682800293e-01) (2, 3.02146226167678833008e-01) (3, -7.58508518338203430176e-02) (4, -4.81263501569628715515e-04) (5, 1.93196296691894531250e-01) (0, -1.22274637222290039062e-01) (1, 6.71304017305374145508e-02) (2, 1.77734166383743286133e-01) (3, -1.26228123903274536133e-01) (4, 1.09826587140560150146e-01) (5, 3.23530286550521850586e-01) (6, 1.12773358821868896484e+00) (7, 1.11385095119476318359e+00) (8, 1.02371072769165039062e+00) (9, 9.81221318244934082031e-01) (10, 1.06280839443206787109e+00) 
