FANN_FLO_2.1
num_layers=3
learning_rate=0.500000
connection_rate=1.000000
network_type=0
learning_momentum=0.000000
training_algorithm=2
train_error_function=1
train_stop_function=0
cascade_output_change_fraction=0.010000
quickprop_decay=-0.000100
quickprop_mu=1.750000
rprop_increase_factor=1.200000
rprop_decrease_factor=0.500000
rprop_delta_min=0.000000
rprop_delta_max=50.000000
rprop_delta_zero=0.100000
cascade_output_stagnation_epochs=12
cascade_candidate_change_fraction=0.010000
cascade_candidate_stagnation_epochs=12
cascade_max_out_epochs=150
cascade_min_out_epochs=50
cascade_max_cand_epochs=150
cascade_min_cand_epochs=50
cascade_num_candidate_groups=2
bit_fail_limit=3.49999994039535522461e-01
cascade_candidate_limit=1.00000000000000000000e+03
cascade_weight_multiplier=4.00000005960464477539e-01
cascade_activation_functions_count=10
cascade_activation_functions=3 5 7 8 10 11 14 15 16 17 
cascade_activation_steepnesses_count=4
cascade_activation_steepnesses=2.50000000000000000000e-01 5.00000000000000000000e-01 7.50000000000000000000e-01 1.00000000000000000000e+00 
layer_sizes=6 5 2 
scale_included=0
neurons (num_inputs, activation_function, activation_steepness)=(0, 0, 0.00000000000000000000e+00) (0, 0, 0.00000000000000000000e+00) (0, 0, 0.00000000000000000000e+00) (0, 0, 0.00000000000000000000e+00) (0, 0, 0.00000000000000000000e+00) (0, 0, 0.00000000000000000000e+00) (6, 3, 5.00000000000000000000e-01) (6, 3, 5.00000000000000000000e-01) (6, 3, 5.00000000000000000000e-01) (6, 3, 5.00000000000000000000e-01) (0, 3, 0.00000000000000000000e+00) (5, 0, 5.00000000000000000000e-01) (0, 0, 0.00000000000000000000e+00) 
connections (connected_to_neuron, weight)=(0, -1.75018720328807830811e-02) (1, 4.65555861592292785645e-02) (2, -1.55041873455047607422e-01) (3, 7.44246542453765869141e-02) (4, 1.93770751357078552246e-01) (5, 2.90679842233657836914e-01) (0, -6.27107592299580574036e-03) (1, 1.37963265180587768555e-01) (2, -2.64546513557434082031e-01) (3, 1.75039246678352355957e-01) (4, 1.52870461344718933105e-01) (5, 1.88879787921905517578e-01) (0, 9.86203908920288085938e-01) (1, -1.22234992980957031250e+01) (2, 6.60743331909179687500e+00) (3, -1.31449294090270996094e+00) (4, -1.38358135223388671875e+01) (5, 4.51824188232421875000e+00) (0, 1.23832798004150390625e+00) (1, 1.16298951208591461182e-01) (2, 1.57666196823120117188e+01) (3, -1.91004676818847656250e+01) (4, 2.12053465843200683594e+00) (5, 5.67739582061767578125e+00) (6, 9.73293185234069824219e-01) (7, 9.90459799766540527344e-01) (8, 1.06285774707794189453e+00) (9, 1.07379770278930664062e+00) (10, 1.12175309658050537109e+00) 
