FANN_FLO_2.1
num_layers=3
learning_rate=0.500000
connection_rate=1.000000
network_type=0
learning_momentum=0.000000
training_algorithm=2
train_error_function=1
train_stop_function=0
cascade_output_change_fraction=0.010000
quickprop_decay=-0.000100
quickprop_mu=1.750000
rprop_increase_factor=1.200000
rprop_decrease_factor=0.500000
rprop_delta_min=0.000000
rprop_delta_max=50.000000
rprop_delta_zero=0.100000
cascade_output_stagnation_epochs=12
cascade_candidate_change_fraction=0.010000
cascade_candidate_stagnation_epochs=12
cascade_max_out_epochs=150
cascade_min_out_epochs=50
cascade_max_cand_epochs=150
cascade_min_cand_epochs=50
cascade_num_candidate_groups=2
bit_fail_limit=3.49999994039535522461e-01
cascade_candidate_limit=1.00000000000000000000e+03
cascade_weight_multiplier=4.00000005960464477539e-01
cascade_activation_functions_count=10
cascade_activation_functions=3 5 7 8 10 11 14 15 16 17 
cascade_activation_steepnesses_count=4
cascade_activation_steepnesses=2.50000000000000000000e-01 5.00000000000000000000e-01 7.50000000000000000000e-01 1.00000000000000000000e+00 
layer_sizes=6 5 2 
scale_included=0
neurons (num_inputs, activation_function, activation_steepness)=(0, 0, 0.00000000000000000000e+00) (0, 0, 0.00000000000000000000e+00) (0, 0, 0.00000000000000000000e+00) (0, 0, 0.00000000000000000000e+00) (0, 0, 0.00000000000000000000e+00) (0, 0, 0.00000000000000000000e+00) (6, 3, 5.00000000000000000000e-01) (6, 3, 5.00000000000000000000e-01) (6, 3, 5.00000000000000000000e-01) (6, 3, 5.00000000000000000000e-01) (0, 3, 0.00000000000000000000e+00) (5, 0, 5.00000000000000000000e-01) (0, 0, 0.00000000000000000000e+00) 
connections (connected_to_neuron, weight)=(0, 1.24580228328704833984e+00) (1, -1.10191047191619873047e+00) (2, 8.92254924774169921875e+00) (3, -7.29793834686279296875e+00) (4, 7.30584096908569335938e+00) (5, 2.93245863914489746094e+00) (0, -1.54480695724487304688e-01) (1, -3.85760724544525146484e-01) (2, 9.27203819155693054199e-02) (3, -1.98524609208106994629e-01) (4, 1.23224519193172454834e-01) (5, 2.74602144956588745117e-01) (0, -6.86811003834009170532e-03) (1, -4.96654182672500610352e-01) (2, -2.02684223651885986328e-01) (3, 7.57494866847991943359e-01) (4, -6.05543375015258789062e-01) (5, 3.12456876039505004883e-01) (0, 1.23924744129180908203e+00) (1, 9.11211109161376953125e+00) (2, -9.81120672076940536499e-03) (3, -2.75316095352172851562e+00) (4, -7.93375074863433837891e-01) (5, 1.64514410495758056641e+00) (6, 1.11103022098541259766e+00) (7, 1.05664622783660888672e+00) (8, 1.03855240345001220703e+00) (9, 1.14444649219512939453e+00) (10, 1.00199103355407714844e+00) 
