FANN_FLO_2.1
num_layers=3
learning_rate=0.500000
connection_rate=1.000000
network_type=0
learning_momentum=0.000000
training_algorithm=2
train_error_function=1
train_stop_function=0
cascade_output_change_fraction=0.010000
quickprop_decay=-0.000100
quickprop_mu=1.750000
rprop_increase_factor=1.200000
rprop_decrease_factor=0.500000
rprop_delta_min=0.000000
rprop_delta_max=50.000000
rprop_delta_zero=0.100000
cascade_output_stagnation_epochs=12
cascade_candidate_change_fraction=0.010000
cascade_candidate_stagnation_epochs=12
cascade_max_out_epochs=150
cascade_min_out_epochs=50
cascade_max_cand_epochs=150
cascade_min_cand_epochs=50
cascade_num_candidate_groups=2
bit_fail_limit=3.49999994039535522461e-01
cascade_candidate_limit=1.00000000000000000000e+03
cascade_weight_multiplier=4.00000005960464477539e-01
cascade_activation_functions_count=10
cascade_activation_functions=3 5 7 8 10 11 14 15 16 17 
cascade_activation_steepnesses_count=4
cascade_activation_steepnesses=2.50000000000000000000e-01 5.00000000000000000000e-01 7.50000000000000000000e-01 1.00000000000000000000e+00 
layer_sizes=10 5 2 
scale_included=0
neurons (num_inputs, activation_function, activation_steepness)=(0, 0, 0.00000000000000000000e+00) (0, 0, 0.00000000000000000000e+00) (0, 0, 0.00000000000000000000e+00) (0, 0, 0.00000000000000000000e+00) (0, 0, 0.00000000000000000000e+00) (0, 0, 0.00000000000000000000e+00) (0, 0, 0.00000000000000000000e+00) (0, 0, 0.00000000000000000000e+00) (0, 0, 0.00000000000000000000e+00) (0, 0, 0.00000000000000000000e+00) (10, 3, 5.00000000000000000000e-01) (10, 3, 5.00000000000000000000e-01) (10, 3, 5.00000000000000000000e-01) (10, 3, 5.00000000000000000000e-01) (0, 3, 0.00000000000000000000e+00) (5, 3, 5.00000000000000000000e-01) (0, 3, 0.00000000000000000000e+00) 
connections (connected_to_neuron, weight)=(0, -1.15339174270629882812e+01) (1, 2.09807896614074707031e+00) (2, 6.62188720703125000000e+00) (3, -1.84125118255615234375e+01) (4, -2.83912062644958496094e+00) (5, 1.92516899108886718750e+01) (6, -7.89047384262084960938e+00) (7, 2.79890799522399902344e+00) (8, 1.01537790298461914062e+01) (9, -3.91208028793334960938e+00) (0, 9.79935264587402343750e+00) (1, 1.61209430694580078125e+01) (2, 5.09951019287109375000e+00) (3, 9.52415084838867187500e+00) (4, 2.18383315950632095337e-02) (5, -7.19066095352172851562e+00) (6, -5.59180927276611328125e+00) (7, -1.74228649139404296875e+01) (8, -1.11800603866577148438e+01) (9, -3.69832396507263183594e+00) (0, 2.26191926002502441406e+00) (1, -3.19803786277770996094e+00) (2, 2.40094547271728515625e+01) (3, -1.11946201324462890625e+01) (4, 6.10230639576911926270e-02) (5, 2.79303955078125000000e+02) (6, -2.15613517761230468750e+01) (7, 1.73798799514770507812e-02) (8, 1.58892456054687500000e+02) (9, -9.75038146972656250000e+02) (0, -4.10386705398559570312e+00) (1, -1.33388614654541015625e+01) (2, -1.31359796524047851562e+01) (3, 1.59368972778320312500e+01) (4, 2.11777821183204650879e-01) (5, -1.49687538146972656250e+01) (6, 9.65770053863525390625e+00) (7, 1.59193572998046875000e+01) (8, 2.99611115455627441406e+00) (9, -4.08432245254516601562e+00) (10, 3.65031814575195312500e+00) (11, 4.37469959259033203125e+00) (12, 1.15616748046875000000e+03) (13, 4.12594127655029296875e+00) (14, -1.17599177360534667969e+00) 
