FANN_FLO_2.1
num_layers=3
learning_rate=0.500000
connection_rate=1.000000
network_type=0
learning_momentum=0.000000
training_algorithm=2
train_error_function=1
train_stop_function=0
cascade_output_change_fraction=0.010000
quickprop_decay=-0.000100
quickprop_mu=1.750000
rprop_increase_factor=1.200000
rprop_decrease_factor=0.500000
rprop_delta_min=0.000000
rprop_delta_max=50.000000
rprop_delta_zero=0.100000
cascade_output_stagnation_epochs=12
cascade_candidate_change_fraction=0.010000
cascade_candidate_stagnation_epochs=12
cascade_max_out_epochs=150
cascade_min_out_epochs=50
cascade_max_cand_epochs=150
cascade_min_cand_epochs=50
cascade_num_candidate_groups=2
bit_fail_limit=3.49999994039535522461e-01
cascade_candidate_limit=1.00000000000000000000e+03
cascade_weight_multiplier=4.00000005960464477539e-01
cascade_activation_functions_count=10
cascade_activation_functions=3 5 7 8 10 11 14 15 16 17 
cascade_activation_steepnesses_count=4
cascade_activation_steepnesses=2.50000000000000000000e-01 5.00000000000000000000e-01 7.50000000000000000000e-01 1.00000000000000000000e+00 
layer_sizes=10 5 2 
scale_included=0
neurons (num_inputs, activation_function, activation_steepness)=(0, 0, 0.00000000000000000000e+00) (0, 0, 0.00000000000000000000e+00) (0, 0, 0.00000000000000000000e+00) (0, 0, 0.00000000000000000000e+00) (0, 0, 0.00000000000000000000e+00) (0, 0, 0.00000000000000000000e+00) (0, 0, 0.00000000000000000000e+00) (0, 0, 0.00000000000000000000e+00) (0, 0, 0.00000000000000000000e+00) (0, 0, 0.00000000000000000000e+00) (10, 3, 5.00000000000000000000e-01) (10, 3, 5.00000000000000000000e-01) (10, 3, 5.00000000000000000000e-01) (10, 3, 5.00000000000000000000e-01) (0, 3, 0.00000000000000000000e+00) (5, 3, 5.00000000000000000000e-01) (0, 3, 0.00000000000000000000e+00) 
connections (connected_to_neuron, weight)=(0, -8.83831119537353515625e+00) (1, 9.44487667083740234375e+00) (2, 1.14267826080322265625e+01) (3, -2.07808380126953125000e+01) (4, 1.35205304622650146484e+00) (5, 1.52005214691162109375e+01) (6, -9.34320545196533203125e+00) (7, -1.35642318725585937500e+01) (8, 9.74095726013183593750e+00) (9, -2.46641683578491210938e+00) (0, 9.63006913661956787109e-01) (1, 1.41520509719848632812e+01) (2, 7.14878225326538085938e+00) (3, 9.81403732299804687500e+00) (4, 2.84582614898681640625e+01) (5, 1.00019397735595703125e+01) (6, -2.57815322875976562500e+01) (7, 3.32291036844253540039e-01) (8, -1.26453800201416015625e+01) (9, -7.44757795333862304688e+00) (0, 1.89976727962493896484e+00) (1, -1.45290756225585937500e+01) (2, -1.05598878860473632812e+01) (3, 2.07947802543640136719e+00) (4, 9.74234998226165771484e-01) (5, -1.45842599868774414062e+01) (6, 1.22385005950927734375e+01) (7, 1.29819488525390625000e+01) (8, 3.78480696678161621094e+00) (9, -1.88809812068939208984e+00) (0, 6.74624061584472656250e+00) (1, 5.98690748214721679688e+00) (2, 3.28288555145263671875e+00) (3, 1.39270982742309570312e+01) (4, -8.07421779632568359375e+00) (5, 1.89888496398925781250e+01) (6, 7.23852992057800292969e-01) (7, -5.02637243270874023438e+00) (8, -7.11511278152465820312e+00) (9, -8.47448444366455078125e+00) (10, 3.31334352493286132812e+00) (11, 9.06588733196258544922e-01) (12, 4.35273504257202148438e+00) (13, 1.68463695049285888672e+00) (14, -2.11204981803894042969e+00) 
