FANN_FLO_2.1
num_layers=3
learning_rate=0.500000
connection_rate=1.000000
network_type=0
learning_momentum=0.000000
training_algorithm=2
train_error_function=1
train_stop_function=0
cascade_output_change_fraction=0.010000
quickprop_decay=-0.000100
quickprop_mu=1.750000
rprop_increase_factor=1.200000
rprop_decrease_factor=0.500000
rprop_delta_min=0.000000
rprop_delta_max=50.000000
rprop_delta_zero=0.100000
cascade_output_stagnation_epochs=12
cascade_candidate_change_fraction=0.010000
cascade_candidate_stagnation_epochs=12
cascade_max_out_epochs=150
cascade_min_out_epochs=50
cascade_max_cand_epochs=150
cascade_min_cand_epochs=50
cascade_num_candidate_groups=2
bit_fail_limit=3.49999994039535522461e-01
cascade_candidate_limit=1.00000000000000000000e+03
cascade_weight_multiplier=4.00000005960464477539e-01
cascade_activation_functions_count=10
cascade_activation_functions=3 5 7 8 10 11 14 15 16 17 
cascade_activation_steepnesses_count=4
cascade_activation_steepnesses=2.50000000000000000000e-01 5.00000000000000000000e-01 7.50000000000000000000e-01 1.00000000000000000000e+00 
layer_sizes=10 3 2 
scale_included=0
neurons (num_inputs, activation_function, activation_steepness)=(0, 0, 0.00000000000000000000e+00) (0, 0, 0.00000000000000000000e+00) (0, 0, 0.00000000000000000000e+00) (0, 0, 0.00000000000000000000e+00) (0, 0, 0.00000000000000000000e+00) (0, 0, 0.00000000000000000000e+00) (0, 0, 0.00000000000000000000e+00) (0, 0, 0.00000000000000000000e+00) (0, 0, 0.00000000000000000000e+00) (0, 0, 0.00000000000000000000e+00) (10, 3, 5.00000000000000000000e-01) (10, 3, 5.00000000000000000000e-01) (0, 3, 0.00000000000000000000e+00) (3, 3, 5.00000000000000000000e-01) (0, 3, 0.00000000000000000000e+00) 
connections (connected_to_neuron, weight)=(0, 2.07264566421508789062e+00) (1, 1.10143823623657226562e+01) (2, 1.26132040023803710938e+01) (3, 8.81680774688720703125e+00) (4, -1.20174229145050048828e+00) (5, 1.09334230422973632812e+01) (6, -4.09469509124755859375e+00) (7, -1.71010665893554687500e+01) (8, 2.89480495452880859375e+00) (9, -8.50183010101318359375e+00) (0, -1.94648051261901855469e+00) (1, -1.07363300323486328125e+01) (2, -7.29686117172241210938e+00) (3, -6.57678067684173583984e-01) (4, -8.38673412799835205078e-01) (5, -4.03460502624511718750e+00) (6, 4.61486291885375976562e+00) (7, 1.20207357406616210938e+01) (8, 2.41275596618652343750e+00) (9, -5.11021316051483154297e-01) (10, 2.76122331619262695312e+00) (11, 5.82274341583251953125e+00) (12, -1.65550720691680908203e+00) 
