FANN_FLO_2.1
num_layers=3
learning_rate=0.500000
connection_rate=1.000000
network_type=0
learning_momentum=0.000000
training_algorithm=2
train_error_function=1
train_stop_function=0
cascade_output_change_fraction=0.010000
quickprop_decay=-0.000100
quickprop_mu=1.750000
rprop_increase_factor=1.200000
rprop_decrease_factor=0.500000
rprop_delta_min=0.000000
rprop_delta_max=50.000000
rprop_delta_zero=0.100000
cascade_output_stagnation_epochs=12
cascade_candidate_change_fraction=0.010000
cascade_candidate_stagnation_epochs=12
cascade_max_out_epochs=150
cascade_min_out_epochs=50
cascade_max_cand_epochs=150
cascade_min_cand_epochs=50
cascade_num_candidate_groups=2
bit_fail_limit=3.49999994039535522461e-01
cascade_candidate_limit=1.00000000000000000000e+03
cascade_weight_multiplier=4.00000005960464477539e-01
cascade_activation_functions_count=10
cascade_activation_functions=3 5 7 8 10 11 14 15 16 17 
cascade_activation_steepnesses_count=4
cascade_activation_steepnesses=2.50000000000000000000e-01 5.00000000000000000000e-01 7.50000000000000000000e-01 1.00000000000000000000e+00 
layer_sizes=6 5 2 
scale_included=0
neurons (num_inputs, activation_function, activation_steepness)=(0, 0, 0.00000000000000000000e+00) (0, 0, 0.00000000000000000000e+00) (0, 0, 0.00000000000000000000e+00) (0, 0, 0.00000000000000000000e+00) (0, 0, 0.00000000000000000000e+00) (0, 0, 0.00000000000000000000e+00) (6, 3, 5.00000000000000000000e-01) (6, 3, 5.00000000000000000000e-01) (6, 3, 5.00000000000000000000e-01) (6, 3, 5.00000000000000000000e-01) (0, 3, 0.00000000000000000000e+00) (5, 0, 5.00000000000000000000e-01) (0, 0, 0.00000000000000000000e+00) 
connections (connected_to_neuron, weight)=(0, -1.45264878869056701660e-01) (1, -3.72627638280391693115e-02) (2, -2.85782426595687866211e-01) (3, 1.51872321963310241699e-01) (4, 7.17037320137023925781e-02) (5, 3.35310578346252441406e-01) (0, 6.16033710539340972900e-02) (1, 2.65810728073120117188e-01) (2, -3.99590194225311279297e-01) (3, 2.99545507878065109253e-02) (4, 1.26626029610633850098e-01) (5, 3.34077566862106323242e-01) (0, 1.22137737274169921875e+00) (1, -7.02702617645263671875e+00) (2, 4.20880222320556640625e+00) (3, 1.11199197769165039062e+01) (4, -5.96390771865844726562e+00) (5, 3.10332012176513671875e+00) (0, 1.23709487915039062500e+00) (1, -2.88105225563049316406e+00) (2, 7.12902975082397460938e+00) (3, -9.02541637420654296875e+00) (4, 5.82418298721313476562e+00) (5, 2.71553111076354980469e+00) (6, 9.75633680820465087891e-01) (7, 1.03842866420745849609e+00) (8, 1.13850295543670654297e+00) (9, 1.06835448741912841797e+00) (10, 1.01581215858459472656e+00) 
