FANN_FLO_2.1
num_layers=3
learning_rate=0.500000
connection_rate=1.000000
network_type=0
learning_momentum=0.000000
training_algorithm=2
train_error_function=1
train_stop_function=0
cascade_output_change_fraction=0.010000
quickprop_decay=-0.000100
quickprop_mu=1.750000
rprop_increase_factor=1.200000
rprop_decrease_factor=0.500000
rprop_delta_min=0.000000
rprop_delta_max=50.000000
rprop_delta_zero=0.100000
cascade_output_stagnation_epochs=12
cascade_candidate_change_fraction=0.010000
cascade_candidate_stagnation_epochs=12
cascade_max_out_epochs=150
cascade_min_out_epochs=50
cascade_max_cand_epochs=150
cascade_min_cand_epochs=50
cascade_num_candidate_groups=2
bit_fail_limit=3.49999994039535522461e-01
cascade_candidate_limit=1.00000000000000000000e+03
cascade_weight_multiplier=4.00000005960464477539e-01
cascade_activation_functions_count=10
cascade_activation_functions=3 5 7 8 10 11 14 15 16 17 
cascade_activation_steepnesses_count=4
cascade_activation_steepnesses=2.50000000000000000000e-01 5.00000000000000000000e-01 7.50000000000000000000e-01 1.00000000000000000000e+00 
layer_sizes=6 5 2 
scale_included=0
neurons (num_inputs, activation_function, activation_steepness)=(0, 0, 0.00000000000000000000e+00) (0, 0, 0.00000000000000000000e+00) (0, 0, 0.00000000000000000000e+00) (0, 0, 0.00000000000000000000e+00) (0, 0, 0.00000000000000000000e+00) (0, 0, 0.00000000000000000000e+00) (6, 3, 5.00000000000000000000e-01) (6, 3, 5.00000000000000000000e-01) (6, 3, 5.00000000000000000000e-01) (6, 3, 5.00000000000000000000e-01) (0, 3, 0.00000000000000000000e+00) (5, 0, 5.00000000000000000000e-01) (0, 0, 0.00000000000000000000e+00) 
connections (connected_to_neuron, weight)=(0, -2.22200274467468261719e-01) (1, 4.19456511735916137695e-02) (2, 9.79770943522453308105e-02) (3, 4.15803976356983184814e-02) (4, -2.62302786111831665039e-01) (5, 3.13400208950042724609e-01) (0, -3.73691134154796600342e-02) (1, 1.05811700224876403809e-01) (2, 7.89324864745140075684e-02) (3, 4.46644723415374755859e-02) (4, -1.55856564640998840332e-01) (5, 3.13130140304565429688e-01) (0, 1.25733244419097900391e+00) (1, 4.55907297134399414062e+00) (2, -6.51938486099243164062e+00) (3, -1.04460191726684570312e+00) (4, 9.83766651153564453125e+00) (5, 2.45131444931030273438e+00) (0, 1.99855178594589233398e-01) (1, -3.93789976835250854492e-01) (2, 1.90753459930419921875e-01) (3, -1.03227287530899047852e-01) (4, -1.92677661776542663574e-01) (5, 3.44826757907867431641e-01) (6, 1.12044513225555419922e+00) (7, 1.13777971267700195312e+00) (8, 1.29004335403442382812e+00) (9, 1.12643742561340332031e+00) (10, 1.13887298107147216797e+00) 
