FANN_FLO_2.1
num_layers=3
learning_rate=0.500000
connection_rate=1.000000
network_type=0
learning_momentum=0.000000
training_algorithm=2
train_error_function=1
train_stop_function=0
cascade_output_change_fraction=0.010000
quickprop_decay=-0.000100
quickprop_mu=1.750000
rprop_increase_factor=1.200000
rprop_decrease_factor=0.500000
rprop_delta_min=0.000000
rprop_delta_max=50.000000
rprop_delta_zero=0.100000
cascade_output_stagnation_epochs=12
cascade_candidate_change_fraction=0.010000
cascade_candidate_stagnation_epochs=12
cascade_max_out_epochs=150
cascade_min_out_epochs=50
cascade_max_cand_epochs=150
cascade_min_cand_epochs=50
cascade_num_candidate_groups=2
bit_fail_limit=3.49999994039535522461e-01
cascade_candidate_limit=1.00000000000000000000e+03
cascade_weight_multiplier=4.00000005960464477539e-01
cascade_activation_functions_count=10
cascade_activation_functions=3 5 7 8 10 11 14 15 16 17 
cascade_activation_steepnesses_count=4
cascade_activation_steepnesses=2.50000000000000000000e-01 5.00000000000000000000e-01 7.50000000000000000000e-01 1.00000000000000000000e+00 
layer_sizes=10 3 2 
scale_included=0
neurons (num_inputs, activation_function, activation_steepness)=(0, 0, 0.00000000000000000000e+00) (0, 0, 0.00000000000000000000e+00) (0, 0, 0.00000000000000000000e+00) (0, 0, 0.00000000000000000000e+00) (0, 0, 0.00000000000000000000e+00) (0, 0, 0.00000000000000000000e+00) (0, 0, 0.00000000000000000000e+00) (0, 0, 0.00000000000000000000e+00) (0, 0, 0.00000000000000000000e+00) (0, 0, 0.00000000000000000000e+00) (10, 3, 5.00000000000000000000e-01) (10, 3, 5.00000000000000000000e-01) (0, 3, 0.00000000000000000000e+00) (3, 3, 5.00000000000000000000e-01) (0, 3, 0.00000000000000000000e+00) 
connections (connected_to_neuron, weight)=(0, 2.66080403327941894531e+00) (1, -1.36471958160400390625e+01) (2, -1.17493638992309570312e+01) (3, 1.04418306350708007812e+01) (4, 8.46512317657470703125e+00) (5, -3.19440579414367675781e+00) (6, 8.57639598846435546875e+00) (7, 7.69726467132568359375e+00) (8, 1.47896633148193359375e+01) (9, -8.05827617645263671875e+00) (0, 8.91075551509857177734e-01) (1, 1.34127597808837890625e+01) (2, 6.68429899215698242188e+00) (3, -6.12932920455932617188e+00) (4, -3.42520380020141601562e+00) (5, 3.89449000358581542969e+00) (6, -1.00347795486450195312e+01) (7, -8.16384696960449218750e+00) (8, -3.47603178024291992188e+00) (9, -1.38940799236297607422e+00) (10, 2.22235631942749023438e+00) (11, 6.81215667724609375000e+00) (12, -1.13619935512542724609e+00) 
