FANN_FLO_2.1
num_layers=3
learning_rate=0.500000
connection_rate=1.000000
network_type=0
learning_momentum=0.000000
training_algorithm=2
train_error_function=1
train_stop_function=0
cascade_output_change_fraction=0.010000
quickprop_decay=-0.000100
quickprop_mu=1.750000
rprop_increase_factor=1.200000
rprop_decrease_factor=0.500000
rprop_delta_min=0.000000
rprop_delta_max=50.000000
rprop_delta_zero=0.100000
cascade_output_stagnation_epochs=12
cascade_candidate_change_fraction=0.010000
cascade_candidate_stagnation_epochs=12
cascade_max_out_epochs=150
cascade_min_out_epochs=50
cascade_max_cand_epochs=150
cascade_min_cand_epochs=50
cascade_num_candidate_groups=2
bit_fail_limit=3.49999994039535522461e-01
cascade_candidate_limit=1.00000000000000000000e+03
cascade_weight_multiplier=4.00000005960464477539e-01
cascade_activation_functions_count=10
cascade_activation_functions=3 5 7 8 10 11 14 15 16 17 
cascade_activation_steepnesses_count=4
cascade_activation_steepnesses=2.50000000000000000000e-01 5.00000000000000000000e-01 7.50000000000000000000e-01 1.00000000000000000000e+00 
layer_sizes=6 5 2 
scale_included=0
neurons (num_inputs, activation_function, activation_steepness)=(0, 0, 0.00000000000000000000e+00) (0, 0, 0.00000000000000000000e+00) (0, 0, 0.00000000000000000000e+00) (0, 0, 0.00000000000000000000e+00) (0, 0, 0.00000000000000000000e+00) (0, 0, 0.00000000000000000000e+00) (6, 3, 5.00000000000000000000e-01) (6, 3, 5.00000000000000000000e-01) (6, 3, 5.00000000000000000000e-01) (6, 3, 5.00000000000000000000e-01) (0, 3, 0.00000000000000000000e+00) (5, 0, 5.00000000000000000000e-01) (0, 0, 0.00000000000000000000e+00) 
connections (connected_to_neuron, weight)=(0, 1.07359254360198974609e+00) (1, 4.28094816207885742188e+00) (2, -6.31741428375244140625e+00) (3, 2.53883123397827148438e+00) (4, 1.89296692609786987305e-01) (5, 2.15960693359375000000e+00) (0, -8.49115997552871704102e-02) (1, 1.80744603276252746582e-01) (2, 2.61671632528305053711e-01) (3, -8.11892598867416381836e-02) (4, 6.20633661746978759766e-02) (5, 2.86643624305725097656e-01) (0, 1.30049586296081542969e+00) (1, -1.14218454360961914062e+01) (2, 1.79077303409576416016e+00) (3, -2.31883001327514648438e+00) (4, 1.33028292655944824219e+00) (5, 2.72798609733581542969e+00) (0, -4.14993911981582641602e-02) (1, -1.20773628354072570801e-01) (2, 2.12828993797302246094e-01) (3, -9.99029576778411865234e-02) (4, -1.51568785309791564941e-01) (5, 3.66216301918029785156e-01) (6, 1.12991690635681152344e+00) (7, 1.04655563831329345703e+00) (8, 1.06241917610168457031e+00) (9, 1.03517091274261474609e+00) (10, 1.03312242031097412109e+00) 
