FANN_FLO_2.1
num_layers=3
learning_rate=0.500000
connection_rate=1.000000
network_type=0
learning_momentum=0.000000
training_algorithm=2
train_error_function=1
train_stop_function=0
cascade_output_change_fraction=0.010000
quickprop_decay=-0.000100
quickprop_mu=1.750000
rprop_increase_factor=1.200000
rprop_decrease_factor=0.500000
rprop_delta_min=0.000000
rprop_delta_max=50.000000
rprop_delta_zero=0.100000
cascade_output_stagnation_epochs=12
cascade_candidate_change_fraction=0.010000
cascade_candidate_stagnation_epochs=12
cascade_max_out_epochs=150
cascade_min_out_epochs=50
cascade_max_cand_epochs=150
cascade_min_cand_epochs=50
cascade_num_candidate_groups=2
bit_fail_limit=3.49999994039535522461e-01
cascade_candidate_limit=1.00000000000000000000e+03
cascade_weight_multiplier=4.00000005960464477539e-01
cascade_activation_functions_count=10
cascade_activation_functions=3 5 7 8 10 11 14 15 16 17 
cascade_activation_steepnesses_count=4
cascade_activation_steepnesses=2.50000000000000000000e-01 5.00000000000000000000e-01 7.50000000000000000000e-01 1.00000000000000000000e+00 
layer_sizes=10 5 2 
scale_included=0
neurons (num_inputs, activation_function, activation_steepness)=(0, 0, 0.00000000000000000000e+00) (0, 0, 0.00000000000000000000e+00) (0, 0, 0.00000000000000000000e+00) (0, 0, 0.00000000000000000000e+00) (0, 0, 0.00000000000000000000e+00) (0, 0, 0.00000000000000000000e+00) (0, 0, 0.00000000000000000000e+00) (0, 0, 0.00000000000000000000e+00) (0, 0, 0.00000000000000000000e+00) (0, 0, 0.00000000000000000000e+00) (10, 3, 5.00000000000000000000e-01) (10, 3, 5.00000000000000000000e-01) (10, 3, 5.00000000000000000000e-01) (10, 3, 5.00000000000000000000e-01) (0, 3, 0.00000000000000000000e+00) (5, 3, 5.00000000000000000000e-01) (0, 3, 0.00000000000000000000e+00) 
connections (connected_to_neuron, weight)=(0, 1.47399735450744628906e+00) (1, 4.78576231002807617188e+00) (2, -4.67488431930541992188e+00) (3, 5.59955453872680664062e+00) (4, -2.32404308319091796875e+01) (5, 1.49372329711914062500e+01) (6, 7.66555023193359375000e+00) (7, 2.14811539649963378906e+00) (8, 7.18527317047119140625e+00) (9, -2.09527015686035156250e+00) (0, 6.01928949356079101562e-01) (1, 1.51597452163696289062e+00) (2, 3.01591366529464721680e-01) (3, 3.32277131080627441406e+00) (4, -3.54689192771911621094e+00) (5, 3.73994946479797363281e+00) (6, -1.27057865262031555176e-01) (7, 1.15652263164520263672e+00) (8, -9.76570844650268554688e-01) (9, -4.72574949264526367188e+00) (0, -4.66155290603637695312e+00) (1, 4.45758438110351562500e+00) (2, -1.16861522197723388672e+00) (3, -8.32533836364746093750e-01) (4, -6.21301317214965820312e+00) (5, -1.46073114871978759766e+00) (6, 3.74863743782043457031e+00) (7, -1.29402494430541992188e+00) (8, -2.73047447204589843750e+00) (9, 1.00519502162933349609e+00) (0, 5.23885822296142578125e+00) (1, 5.99546015262603759766e-01) (2, -1.28705894947052001953e+00) (3, 1.01683807373046875000e+01) (4, -9.78175926208496093750e+00) (5, 1.68925323486328125000e+01) (6, 5.37923145294189453125e+00) (7, -1.29707872867584228516e+00) (8, 1.15627729892730712891e+00) (9, -8.03629779815673828125e+00) (10, 6.22677683830261230469e-01) (11, -5.14444541931152343750e+00) (12, -2.58705496788024902344e+00) (13, 2.18374133110046386719e+00) (14, -2.31369093060493469238e-01) 
