FANN_FLO_2.1
num_layers=3
learning_rate=0.500000
connection_rate=1.000000
network_type=0
learning_momentum=0.000000
training_algorithm=2
train_error_function=1
train_stop_function=0
cascade_output_change_fraction=0.010000
quickprop_decay=-0.000100
quickprop_mu=1.750000
rprop_increase_factor=1.200000
rprop_decrease_factor=0.500000
rprop_delta_min=0.000000
rprop_delta_max=50.000000
rprop_delta_zero=0.100000
cascade_output_stagnation_epochs=12
cascade_candidate_change_fraction=0.010000
cascade_candidate_stagnation_epochs=12
cascade_max_out_epochs=150
cascade_min_out_epochs=50
cascade_max_cand_epochs=150
cascade_min_cand_epochs=50
cascade_num_candidate_groups=2
bit_fail_limit=3.49999994039535522461e-01
cascade_candidate_limit=1.00000000000000000000e+03
cascade_weight_multiplier=4.00000005960464477539e-01
cascade_activation_functions_count=10
cascade_activation_functions=3 5 7 8 10 11 14 15 16 17 
cascade_activation_steepnesses_count=4
cascade_activation_steepnesses=2.50000000000000000000e-01 5.00000000000000000000e-01 7.50000000000000000000e-01 1.00000000000000000000e+00 
layer_sizes=10 5 2 
scale_included=0
neurons (num_inputs, activation_function, activation_steepness)=(0, 0, 0.00000000000000000000e+00) (0, 0, 0.00000000000000000000e+00) (0, 0, 0.00000000000000000000e+00) (0, 0, 0.00000000000000000000e+00) (0, 0, 0.00000000000000000000e+00) (0, 0, 0.00000000000000000000e+00) (0, 0, 0.00000000000000000000e+00) (0, 0, 0.00000000000000000000e+00) (0, 0, 0.00000000000000000000e+00) (0, 0, 0.00000000000000000000e+00) (10, 3, 5.00000000000000000000e-01) (10, 3, 5.00000000000000000000e-01) (10, 3, 5.00000000000000000000e-01) (10, 3, 5.00000000000000000000e-01) (0, 3, 0.00000000000000000000e+00) (5, 3, 5.00000000000000000000e-01) (0, 3, 0.00000000000000000000e+00) 
connections (connected_to_neuron, weight)=(0, 7.55087375640869140625e+00) (1, -1.21115601062774658203e+00) (2, -2.37596249580383300781e+00) (3, 1.06797981262207031250e+01) (4, -1.19497089385986328125e+01) (5, 1.57375431060791015625e+01) (6, 5.06891071796417236328e-01) (7, -2.90454483032226562500e+00) (8, 1.69955768585205078125e+01) (9, -7.56185197830200195312e+00) (0, 5.55275774002075195312e+00) (1, 5.71672081947326660156e-01) (2, -5.77869862318038940430e-02) (3, 1.36419792175292968750e+01) (4, -8.56182670593261718750e+00) (5, 2.89012470245361328125e+01) (6, 1.02277841567993164062e+01) (7, 7.43137955665588378906e-01) (8, -8.80587673187255859375e+00) (9, -1.22744760513305664062e+01) (0, 1.42023277282714843750e+01) (1, -6.99822378158569335938e+00) (2, -8.77316570281982421875e+00) (3, 4.11081361770629882812e+00) (4, 9.03226089477539062500e+00) (5, 1.05322513580322265625e+01) (6, -2.56739425659179687500e+00) (7, -4.60255289077758789062e+00) (8, 1.47797317504882812500e+01) (9, -7.46761989593505859375e+00) (0, 6.79975128173828125000e+00) (1, 2.13504981994628906250e+00) (2, -8.97401347756385803223e-02) (3, 1.38311920166015625000e+01) (4, -2.41791896820068359375e+01) (5, 1.22682323455810546875e+01) (6, 6.03298664093017578125e-01) (7, -3.09488511085510253906e+00) (8, 2.15921669006347656250e+01) (9, -5.09281349182128906250e+00) (10, 4.35484290122985839844e-01) (11, 1.04676568508148193359e+00) (12, 8.34712207317352294922e-01) (13, 5.58204591274261474609e-01) (14, -1.35968518257141113281e+00) 
