FANN_FLO_2.1
num_layers=3
learning_rate=0.500000
connection_rate=1.000000
network_type=0
learning_momentum=0.000000
training_algorithm=2
train_error_function=1
train_stop_function=0
cascade_output_change_fraction=0.010000
quickprop_decay=-0.000100
quickprop_mu=1.750000
rprop_increase_factor=1.200000
rprop_decrease_factor=0.500000
rprop_delta_min=0.000000
rprop_delta_max=50.000000
rprop_delta_zero=0.100000
cascade_output_stagnation_epochs=12
cascade_candidate_change_fraction=0.010000
cascade_candidate_stagnation_epochs=12
cascade_max_out_epochs=150
cascade_min_out_epochs=50
cascade_max_cand_epochs=150
cascade_min_cand_epochs=50
cascade_num_candidate_groups=2
bit_fail_limit=3.49999994039535522461e-01
cascade_candidate_limit=1.00000000000000000000e+03
cascade_weight_multiplier=4.00000005960464477539e-01
cascade_activation_functions_count=10
cascade_activation_functions=3 5 7 8 10 11 14 15 16 17 
cascade_activation_steepnesses_count=4
cascade_activation_steepnesses=2.50000000000000000000e-01 5.00000000000000000000e-01 7.50000000000000000000e-01 1.00000000000000000000e+00 
layer_sizes=10 5 2 
scale_included=0
neurons (num_inputs, activation_function, activation_steepness)=(0, 0, 0.00000000000000000000e+00) (0, 0, 0.00000000000000000000e+00) (0, 0, 0.00000000000000000000e+00) (0, 0, 0.00000000000000000000e+00) (0, 0, 0.00000000000000000000e+00) (0, 0, 0.00000000000000000000e+00) (0, 0, 0.00000000000000000000e+00) (0, 0, 0.00000000000000000000e+00) (0, 0, 0.00000000000000000000e+00) (0, 0, 0.00000000000000000000e+00) (10, 3, 5.00000000000000000000e-01) (10, 3, 5.00000000000000000000e-01) (10, 3, 5.00000000000000000000e-01) (10, 3, 5.00000000000000000000e-01) (0, 3, 0.00000000000000000000e+00) (5, 3, 5.00000000000000000000e-01) (0, 3, 0.00000000000000000000e+00) 
connections (connected_to_neuron, weight)=(0, 9.20869827270507812500e+00) (1, 2.20478725433349609375e+01) (2, 4.75246810913085937500e+00) (3, 9.78943920135498046875e+00) (4, 5.91800689697265625000e-01) (5, -5.87946796417236328125e+00) (6, -9.30368995666503906250e+00) (7, -2.24816951751708984375e+01) (8, -1.09691705703735351562e+01) (9, -2.89880275726318359375e+00) (0, -1.61061489582061767578e+00) (1, 2.14105516672134399414e-01) (2, 7.42091464996337890625e+00) (3, 1.46575889587402343750e+01) (4, 1.72369968891143798828e+00) (5, 1.29249095916748046875e+00) (6, 6.61760759353637695312e+00) (7, -1.76933968067169189453e+00) (8, -4.42241621017456054688e+00) (9, -8.04126834869384765625e+00) (0, -7.57292604446411132812e+00) (1, -2.85246342420578002930e-01) (2, 5.83247709274291992188e+00) (3, -1.69370365142822265625e+01) (4, -2.26045280694961547852e-01) (5, 1.16982069015502929688e+01) (6, -7.26443052291870117188e+00) (7, 1.42712223529815673828e+00) (8, 9.28023719787597656250e+00) (9, -1.61963641643524169922e+00) (0, -7.01965570449829101562e-01) (1, -1.59193916320800781250e+01) (2, -1.23989810943603515625e+01) (3, 6.15270996093750000000e+00) (4, 8.38093698024749755859e-01) (5, -9.35574913024902343750e+00) (6, 1.07480173110961914062e+01) (7, 1.72701358795166015625e+01) (8, 5.49482524394989013672e-01) (9, -2.11887788772583007812e+00) (10, 4.22880220413208007812e+00) (11, 1.12861537933349609375e+00) (12, 5.27439355850219726562e+00) (13, 4.12723636627197265625e+00) (14, -2.56097412109375000000e+00) 
