FANN_FLO_2.1
num_layers=3
learning_rate=0.500000
connection_rate=1.000000
network_type=0
learning_momentum=0.000000
training_algorithm=2
train_error_function=1
train_stop_function=0
cascade_output_change_fraction=0.010000
quickprop_decay=-0.000100
quickprop_mu=1.750000
rprop_increase_factor=1.200000
rprop_decrease_factor=0.500000
rprop_delta_min=0.000000
rprop_delta_max=50.000000
rprop_delta_zero=0.100000
cascade_output_stagnation_epochs=12
cascade_candidate_change_fraction=0.010000
cascade_candidate_stagnation_epochs=12
cascade_max_out_epochs=150
cascade_min_out_epochs=50
cascade_max_cand_epochs=150
cascade_min_cand_epochs=50
cascade_num_candidate_groups=2
bit_fail_limit=3.49999994039535522461e-01
cascade_candidate_limit=1.00000000000000000000e+03
cascade_weight_multiplier=4.00000005960464477539e-01
cascade_activation_functions_count=10
cascade_activation_functions=3 5 7 8 10 11 14 15 16 17 
cascade_activation_steepnesses_count=4
cascade_activation_steepnesses=2.50000000000000000000e-01 5.00000000000000000000e-01 7.50000000000000000000e-01 1.00000000000000000000e+00 
layer_sizes=10 5 2 
scale_included=0
neurons (num_inputs, activation_function, activation_steepness)=(0, 0, 0.00000000000000000000e+00) (0, 0, 0.00000000000000000000e+00) (0, 0, 0.00000000000000000000e+00) (0, 0, 0.00000000000000000000e+00) (0, 0, 0.00000000000000000000e+00) (0, 0, 0.00000000000000000000e+00) (0, 0, 0.00000000000000000000e+00) (0, 0, 0.00000000000000000000e+00) (0, 0, 0.00000000000000000000e+00) (0, 0, 0.00000000000000000000e+00) (10, 3, 5.00000000000000000000e-01) (10, 3, 5.00000000000000000000e-01) (10, 3, 5.00000000000000000000e-01) (10, 3, 5.00000000000000000000e-01) (0, 3, 0.00000000000000000000e+00) (5, 3, 5.00000000000000000000e-01) (0, 3, 0.00000000000000000000e+00) 
connections (connected_to_neuron, weight)=(0, 2.25573158264160156250e+00) (1, 8.87471199035644531250e+00) (2, 2.75306010246276855469e+00) (3, -1.64179248809814453125e+01) (4, 2.28127861022949218750e+00) (5, 2.33402752876281738281e+00) (6, 1.40003128051757812500e+01) (7, 2.01831169128417968750e+01) (8, -8.42551040649414062500e+00) (9, -6.80292940139770507812e+00) (0, -2.90240198373794555664e-01) (1, -1.17633247375488281250e+01) (2, 2.79129767417907714844e+00) (3, -9.48361492156982421875e+00) (4, -4.42281866073608398438e+00) (5, -8.93674314022064208984e-01) (6, -8.85036087036132812500e+00) (7, 4.28765220642089843750e+01) (8, 6.57031250000000000000e+00) (9, -8.02663040161132812500e+00) (0, 1.13707599639892578125e+01) (1, -3.58277797698974609375e+00) (2, -5.35547399520874023438e+00) (3, 3.41226428747177124023e-01) (4, 2.20721101760864257812e+00) (5, 1.18039665222167968750e+01) (6, 1.02237739562988281250e+01) (7, -4.50629758834838867188e+00) (8, 1.38632860183715820312e+01) (9, -8.83767509460449218750e+00) (0, -2.96813344955444335938e+00) (1, -1.65315246582031250000e+01) (2, -6.67634105682373046875e+00) (3, -5.43846750259399414062e+00) (4, -1.62672623991966247559e-03) (5, 6.51885643601417541504e-02) (6, 1.06853675842285156250e+01) (7, 2.73506431579589843750e+01) (8, 1.09731283187866210938e+01) (9, -3.44808363914489746094e+00) (10, 9.64232385158538818359e-01) (11, 1.38277399539947509766e+00) (12, 2.88346266746520996094e+00) (13, -2.58162617683410644531e+00) (14, -1.02926433086395263672e+00) 
