FANN_FLO_2.1
num_layers=3
learning_rate=0.500000
connection_rate=1.000000
network_type=0
learning_momentum=0.000000
training_algorithm=2
train_error_function=1
train_stop_function=0
cascade_output_change_fraction=0.010000
quickprop_decay=-0.000100
quickprop_mu=1.750000
rprop_increase_factor=1.200000
rprop_decrease_factor=0.500000
rprop_delta_min=0.000000
rprop_delta_max=50.000000
rprop_delta_zero=0.100000
cascade_output_stagnation_epochs=12
cascade_candidate_change_fraction=0.010000
cascade_candidate_stagnation_epochs=12
cascade_max_out_epochs=150
cascade_min_out_epochs=50
cascade_max_cand_epochs=150
cascade_min_cand_epochs=50
cascade_num_candidate_groups=2
bit_fail_limit=3.49999994039535522461e-01
cascade_candidate_limit=1.00000000000000000000e+03
cascade_weight_multiplier=4.00000005960464477539e-01
cascade_activation_functions_count=10
cascade_activation_functions=3 5 7 8 10 11 14 15 16 17 
cascade_activation_steepnesses_count=4
cascade_activation_steepnesses=2.50000000000000000000e-01 5.00000000000000000000e-01 7.50000000000000000000e-01 1.00000000000000000000e+00 
layer_sizes=10 5 2 
scale_included=0
neurons (num_inputs, activation_function, activation_steepness)=(0, 0, 0.00000000000000000000e+00) (0, 0, 0.00000000000000000000e+00) (0, 0, 0.00000000000000000000e+00) (0, 0, 0.00000000000000000000e+00) (0, 0, 0.00000000000000000000e+00) (0, 0, 0.00000000000000000000e+00) (0, 0, 0.00000000000000000000e+00) (0, 0, 0.00000000000000000000e+00) (0, 0, 0.00000000000000000000e+00) (0, 0, 0.00000000000000000000e+00) (10, 3, 5.00000000000000000000e-01) (10, 3, 5.00000000000000000000e-01) (10, 3, 5.00000000000000000000e-01) (10, 3, 5.00000000000000000000e-01) (0, 3, 0.00000000000000000000e+00) (5, 3, 5.00000000000000000000e-01) (0, 3, 0.00000000000000000000e+00) 
connections (connected_to_neuron, weight)=(0, 7.17141113281250000000e+01) (1, -1.50000000000000000000e+03) (2, -1.50000000000000000000e+03) (3, -6.38970703125000000000e+02) (4, -4.01007003784179687500e+01) (5, -1.50000000000000000000e+03) (6, 9.82452678680419921875e+00) (7, -1.50000000000000000000e+03) (8, -1.50000000000000000000e+03) (9, -7.06528806686401367188e+00) (0, 1.14307093620300292969e+00) (1, 6.44450902938842773438e+00) (2, 3.12110924720764160156e+00) (3, 1.10497198104858398438e+01) (4, -9.08201122283935546875e+00) (5, -1.09400053024291992188e+01) (6, 1.98169307708740234375e+01) (7, 5.02808237075805664062e+00) (8, -2.72152376174926757812e+00) (9, -7.76931953430175781250e+00) (0, 7.15623426437377929688e+00) (1, -4.28762817382812500000e+00) (2, -9.89878082275390625000e+00) (3, 1.99622859954833984375e+01) (4, 1.57792592048645019531e+00) (5, -1.90405082702636718750e+01) (6, 9.81170368194580078125e+00) (7, 2.30586558580398559570e-01) (8, -7.15481901168823242188e+00) (9, -4.48073768615722656250e+00) (0, -4.34190225601196289062e+00) (1, 2.61083912849426269531e+00) (2, 4.23339748382568359375e+00) (3, -1.15048437118530273438e+01) (4, 2.17274475097656250000e+00) (5, 1.22465600967407226562e+01) (6, -1.25648708343505859375e+01) (7, 5.57564377784729003906e-01) (8, 3.85006284713745117188e+00) (9, -2.32151031494140625000e+00) (10, 1.50000000000000000000e+03) (11, 1.75228559970855712891e+00) (12, 3.64207386970520019531e+00) (13, 6.70681524276733398438e+00) (14, -1.44721722602844238281e+00) 
