FANN_FLO_2.1
num_layers=3
learning_rate=0.500000
connection_rate=1.000000
network_type=0
learning_momentum=0.000000
training_algorithm=2
train_error_function=1
train_stop_function=0
cascade_output_change_fraction=0.010000
quickprop_decay=-0.000100
quickprop_mu=1.750000
rprop_increase_factor=1.200000
rprop_decrease_factor=0.500000
rprop_delta_min=0.000000
rprop_delta_max=50.000000
rprop_delta_zero=0.100000
cascade_output_stagnation_epochs=12
cascade_candidate_change_fraction=0.010000
cascade_candidate_stagnation_epochs=12
cascade_max_out_epochs=150
cascade_min_out_epochs=50
cascade_max_cand_epochs=150
cascade_min_cand_epochs=50
cascade_num_candidate_groups=2
bit_fail_limit=3.49999994039535522461e-01
cascade_candidate_limit=1.00000000000000000000e+03
cascade_weight_multiplier=4.00000005960464477539e-01
cascade_activation_functions_count=10
cascade_activation_functions=3 5 7 8 10 11 14 15 16 17 
cascade_activation_steepnesses_count=4
cascade_activation_steepnesses=2.50000000000000000000e-01 5.00000000000000000000e-01 7.50000000000000000000e-01 1.00000000000000000000e+00 
layer_sizes=10 3 2 
scale_included=0
neurons (num_inputs, activation_function, activation_steepness)=(0, 0, 0.00000000000000000000e+00) (0, 0, 0.00000000000000000000e+00) (0, 0, 0.00000000000000000000e+00) (0, 0, 0.00000000000000000000e+00) (0, 0, 0.00000000000000000000e+00) (0, 0, 0.00000000000000000000e+00) (0, 0, 0.00000000000000000000e+00) (0, 0, 0.00000000000000000000e+00) (0, 0, 0.00000000000000000000e+00) (0, 0, 0.00000000000000000000e+00) (10, 3, 5.00000000000000000000e-01) (10, 3, 5.00000000000000000000e-01) (0, 3, 0.00000000000000000000e+00) (3, 3, 5.00000000000000000000e-01) (0, 3, 0.00000000000000000000e+00) 
connections (connected_to_neuron, weight)=(0, 3.35600590705871582031e+00) (1, 2.04586625099182128906e+00) (2, 1.20255184173583984375e+01) (3, 3.59359335899353027344e+00) (4, 7.25689506530761718750e+00) (5, -3.92215418815612792969e+00) (6, 6.87362813949584960938e+00) (7, 6.99507427215576171875e+00) (8, 4.34069824218750000000e+00) (9, -1.22507991790771484375e+01) (0, 3.80090475082397460938e-01) (1, 1.50584363937377929688e+01) (2, 9.19736385345458984375e+00) (3, 3.31402826309204101562e+00) (4, 4.53689765930175781250e+00) (5, -1.34165019989013671875e+01) (6, -2.37278914451599121094e+00) (7, 1.69829540252685546875e+01) (8, 5.41399955749511718750e+00) (9, -1.08269948959350585938e+01) (10, 1.64748883247375488281e+00) (11, 5.78452348709106445312e-01) (12, -8.26377332210540771484e-01) 
