FANN_FLO_2.1
num_layers=3
learning_rate=0.500000
connection_rate=1.000000
network_type=0
learning_momentum=0.000000
training_algorithm=2
train_error_function=1
train_stop_function=0
cascade_output_change_fraction=0.010000
quickprop_decay=-0.000100
quickprop_mu=1.750000
rprop_increase_factor=1.200000
rprop_decrease_factor=0.500000
rprop_delta_min=0.000000
rprop_delta_max=50.000000
rprop_delta_zero=0.100000
cascade_output_stagnation_epochs=12
cascade_candidate_change_fraction=0.010000
cascade_candidate_stagnation_epochs=12
cascade_max_out_epochs=150
cascade_min_out_epochs=50
cascade_max_cand_epochs=150
cascade_min_cand_epochs=50
cascade_num_candidate_groups=2
bit_fail_limit=3.49999994039535522461e-01
cascade_candidate_limit=1.00000000000000000000e+03
cascade_weight_multiplier=4.00000005960464477539e-01
cascade_activation_functions_count=10
cascade_activation_functions=3 5 7 8 10 11 14 15 16 17 
cascade_activation_steepnesses_count=4
cascade_activation_steepnesses=2.50000000000000000000e-01 5.00000000000000000000e-01 7.50000000000000000000e-01 1.00000000000000000000e+00 
layer_sizes=10 5 2 
scale_included=0
neurons (num_inputs, activation_function, activation_steepness)=(0, 0, 0.00000000000000000000e+00) (0, 0, 0.00000000000000000000e+00) (0, 0, 0.00000000000000000000e+00) (0, 0, 0.00000000000000000000e+00) (0, 0, 0.00000000000000000000e+00) (0, 0, 0.00000000000000000000e+00) (0, 0, 0.00000000000000000000e+00) (0, 0, 0.00000000000000000000e+00) (0, 0, 0.00000000000000000000e+00) (0, 0, 0.00000000000000000000e+00) (10, 3, 5.00000000000000000000e-01) (10, 3, 5.00000000000000000000e-01) (10, 3, 5.00000000000000000000e-01) (10, 3, 5.00000000000000000000e-01) (0, 3, 0.00000000000000000000e+00) (5, 3, 5.00000000000000000000e-01) (0, 3, 0.00000000000000000000e+00) 
connections (connected_to_neuron, weight)=(0, 2.06815505027770996094e+00) (1, -1.55368194580078125000e+01) (2, -1.46626806259155273438e+01) (3, 1.58045053482055664062e+01) (4, 3.16186666488647460938e+00) (5, -1.61232967376708984375e+01) (6, 1.62863368988037109375e+01) (7, 8.95672130584716796875e+00) (8, 4.59470748901367187500e-01) (9, -4.66637372970581054688e+00) (0, -1.21959581375122070312e+01) (1, -3.91607499122619628906e+00) (2, 5.20923900604248046875e+00) (3, -1.50377578735351562500e+01) (4, -1.39869737625122070312e+00) (5, 1.55645494461059570312e+01) (6, -6.71091842651367187500e+00) (7, 5.84931421279907226562e+00) (8, 1.03064231872558593750e+01) (9, -2.10409283638000488281e+00) (0, 6.87395381927490234375e+00) (1, -1.67453746795654296875e+01) (2, 3.99848270416259765625e+00) (3, 1.37886753082275390625e+01) (4, -3.23811829090118408203e-01) (5, 4.03266525268554687500e+00) (6, 1.45499553680419921875e+01) (7, -4.70795810222625732422e-01) (8, 1.10395312309265136719e+00) (9, -1.00605897903442382812e+01) (0, 1.11773204803466796875e+01) (1, 1.97078609466552734375e+01) (2, 5.82908630371093750000e+00) (3, 2.45677113533020019531e+00) (4, -1.80027663707733154297e+00) (5, -4.93362808227539062500e+00) (6, -7.78835201263427734375e+00) (7, -1.40205535888671875000e+01) (8, -1.10845136642456054688e+01) (9, -3.12049317359924316406e+00) (10, 4.41797637939453125000e+00) (11, 4.51356458663940429688e+00) (12, 6.98608577251434326172e-01) (13, 4.29350185394287109375e+00) (14, -2.26784682273864746094e+00) 
