FANN_FLO_2.1
num_layers=3
learning_rate=0.500000
connection_rate=1.000000
network_type=0
learning_momentum=0.000000
training_algorithm=2
train_error_function=1
train_stop_function=0
cascade_output_change_fraction=0.010000
quickprop_decay=-0.000100
quickprop_mu=1.750000
rprop_increase_factor=1.200000
rprop_decrease_factor=0.500000
rprop_delta_min=0.000000
rprop_delta_max=50.000000
rprop_delta_zero=0.100000
cascade_output_stagnation_epochs=12
cascade_candidate_change_fraction=0.010000
cascade_candidate_stagnation_epochs=12
cascade_max_out_epochs=150
cascade_min_out_epochs=50
cascade_max_cand_epochs=150
cascade_min_cand_epochs=50
cascade_num_candidate_groups=2
bit_fail_limit=3.49999994039535522461e-01
cascade_candidate_limit=1.00000000000000000000e+03
cascade_weight_multiplier=4.00000005960464477539e-01
cascade_activation_functions_count=10
cascade_activation_functions=3 5 7 8 10 11 14 15 16 17 
cascade_activation_steepnesses_count=4
cascade_activation_steepnesses=2.50000000000000000000e-01 5.00000000000000000000e-01 7.50000000000000000000e-01 1.00000000000000000000e+00 
layer_sizes=10 5 2 
scale_included=0
neurons (num_inputs, activation_function, activation_steepness)=(0, 0, 0.00000000000000000000e+00) (0, 0, 0.00000000000000000000e+00) (0, 0, 0.00000000000000000000e+00) (0, 0, 0.00000000000000000000e+00) (0, 0, 0.00000000000000000000e+00) (0, 0, 0.00000000000000000000e+00) (0, 0, 0.00000000000000000000e+00) (0, 0, 0.00000000000000000000e+00) (0, 0, 0.00000000000000000000e+00) (0, 0, 0.00000000000000000000e+00) (10, 3, 5.00000000000000000000e-01) (10, 3, 5.00000000000000000000e-01) (10, 3, 5.00000000000000000000e-01) (10, 3, 5.00000000000000000000e-01) (0, 3, 0.00000000000000000000e+00) (5, 3, 5.00000000000000000000e-01) (0, 3, 0.00000000000000000000e+00) 
connections (connected_to_neuron, weight)=(0, -6.88099384307861328125e+00) (1, -1.50335874557495117188e+01) (2, -4.03489208221435546875e+00) (3, -6.58712387084960937500e+00) (4, -1.04424989223480224609e+00) (5, 6.09861040115356445312e+00) (6, 4.14192199707031250000e+00) (7, 1.53250331878662109375e+01) (8, 8.17362785339355468750e+00) (9, -2.85965704917907714844e+00) (0, -7.08842694759368896484e-01) (1, -4.82387924194335937500e+01) (2, 1.32892131805419921875e+01) (3, -1.50000000000000000000e+03) (4, -2.80667042732238769531e+00) (5, 5.93661975860595703125e+00) (6, -4.46949951171875000000e+02) (7, -1.23216674804687500000e+02) (8, 1.51227283477783203125e+00) (9, -8.83828639984130859375e+00) (0, 4.02963352203369140625e+00) (1, 2.89288854598999023438e+00) (2, -7.30647754669189453125e+00) (3, 1.60005264282226562500e+01) (4, 6.33871912956237792969e-01) (5, -1.15659408569335937500e+01) (6, 4.59943914413452148438e+00) (7, -2.14966607093811035156e+00) (8, -7.15375757217407226562e+00) (9, -2.84193372726440429688e+00) (0, 7.84600079059600830078e-01) (1, 1.53027486801147460938e+01) (2, 1.09433403015136718750e+01) (3, -7.66816616058349609375e+00) (4, 7.48829185962677001953e-01) (5, 4.27365446090698242188e+00) (6, -1.13708591461181640625e+01) (7, -1.32721242904663085938e+01) (8, -4.18936491012573242188e-01) (9, -2.69002914428710937500e+00) (10, 4.83476161956787109375e+00) (11, 1.50000000000000000000e+03) (12, 5.03848695755004882812e+00) (13, 5.07397222518920898438e+00) (14, -2.20980286598205566406e+00) 
