FANN_FLO_2.1
num_layers=3
learning_rate=0.500000
connection_rate=1.000000
network_type=0
learning_momentum=0.000000
training_algorithm=2
train_error_function=1
train_stop_function=0
cascade_output_change_fraction=0.010000
quickprop_decay=-0.000100
quickprop_mu=1.750000
rprop_increase_factor=1.200000
rprop_decrease_factor=0.500000
rprop_delta_min=0.000000
rprop_delta_max=50.000000
rprop_delta_zero=0.100000
cascade_output_stagnation_epochs=12
cascade_candidate_change_fraction=0.010000
cascade_candidate_stagnation_epochs=12
cascade_max_out_epochs=150
cascade_min_out_epochs=50
cascade_max_cand_epochs=150
cascade_min_cand_epochs=50
cascade_num_candidate_groups=2
bit_fail_limit=3.49999994039535522461e-01
cascade_candidate_limit=1.00000000000000000000e+03
cascade_weight_multiplier=4.00000005960464477539e-01
cascade_activation_functions_count=10
cascade_activation_functions=3 5 7 8 10 11 14 15 16 17 
cascade_activation_steepnesses_count=4
cascade_activation_steepnesses=2.50000000000000000000e-01 5.00000000000000000000e-01 7.50000000000000000000e-01 1.00000000000000000000e+00 
layer_sizes=10 3 2 
scale_included=0
neurons (num_inputs, activation_function, activation_steepness)=(0, 0, 0.00000000000000000000e+00) (0, 0, 0.00000000000000000000e+00) (0, 0, 0.00000000000000000000e+00) (0, 0, 0.00000000000000000000e+00) (0, 0, 0.00000000000000000000e+00) (0, 0, 0.00000000000000000000e+00) (0, 0, 0.00000000000000000000e+00) (0, 0, 0.00000000000000000000e+00) (0, 0, 0.00000000000000000000e+00) (0, 0, 0.00000000000000000000e+00) (10, 3, 5.00000000000000000000e-01) (10, 3, 5.00000000000000000000e-01) (0, 3, 0.00000000000000000000e+00) (3, 3, 5.00000000000000000000e-01) (0, 3, 0.00000000000000000000e+00) 
connections (connected_to_neuron, weight)=(0, 6.40327119827270507812e+00) (1, -2.53065896034240722656e+00) (2, 4.76490020751953125000e+00) (3, 7.41584253311157226562e+00) (4, -3.80305933952331542969e+00) (5, 1.14635264873504638672e+00) (6, 3.19814467430114746094e+00) (7, 4.89502620697021484375e+00) (8, 8.40390682220458984375e+00) (9, -7.72459983825683593750e+00) (0, 8.13469123840332031250e+00) (1, -6.67272210121154785156e-01) (2, 5.51119947433471679688e+00) (3, 6.64791345596313476562e-01) (4, -2.45203495025634765625e+00) (5, 1.62360992431640625000e+01) (6, -1.01985859870910644531e+00) (7, 1.72288875579833984375e+01) (8, -1.85533905029296875000e+01) (9, -7.24926137924194335938e+00) (10, 1.75148069858551025391e+00) (11, 1.00010097026824951172e+00) (12, -1.21614289283752441406e+00) 
