FANN_FLO_2.1
num_layers=3
learning_rate=0.500000
connection_rate=1.000000
network_type=0
learning_momentum=0.000000
training_algorithm=2
train_error_function=1
train_stop_function=0
cascade_output_change_fraction=0.010000
quickprop_decay=-0.000100
quickprop_mu=1.750000
rprop_increase_factor=1.200000
rprop_decrease_factor=0.500000
rprop_delta_min=0.000000
rprop_delta_max=50.000000
rprop_delta_zero=0.100000
cascade_output_stagnation_epochs=12
cascade_candidate_change_fraction=0.010000
cascade_candidate_stagnation_epochs=12
cascade_max_out_epochs=150
cascade_min_out_epochs=50
cascade_max_cand_epochs=150
cascade_min_cand_epochs=50
cascade_num_candidate_groups=2
bit_fail_limit=3.49999994039535522461e-01
cascade_candidate_limit=1.00000000000000000000e+03
cascade_weight_multiplier=4.00000005960464477539e-01
cascade_activation_functions_count=10
cascade_activation_functions=3 5 7 8 10 11 14 15 16 17 
cascade_activation_steepnesses_count=4
cascade_activation_steepnesses=2.50000000000000000000e-01 5.00000000000000000000e-01 7.50000000000000000000e-01 1.00000000000000000000e+00 
layer_sizes=10 5 2 
scale_included=0
neurons (num_inputs, activation_function, activation_steepness)=(0, 0, 0.00000000000000000000e+00) (0, 0, 0.00000000000000000000e+00) (0, 0, 0.00000000000000000000e+00) (0, 0, 0.00000000000000000000e+00) (0, 0, 0.00000000000000000000e+00) (0, 0, 0.00000000000000000000e+00) (0, 0, 0.00000000000000000000e+00) (0, 0, 0.00000000000000000000e+00) (0, 0, 0.00000000000000000000e+00) (0, 0, 0.00000000000000000000e+00) (10, 3, 5.00000000000000000000e-01) (10, 3, 5.00000000000000000000e-01) (10, 3, 5.00000000000000000000e-01) (10, 3, 5.00000000000000000000e-01) (0, 3, 0.00000000000000000000e+00) (5, 3, 5.00000000000000000000e-01) (0, 3, 0.00000000000000000000e+00) 
connections (connected_to_neuron, weight)=(0, 2.19448015093803405762e-01) (1, 1.07909097671508789062e+01) (2, 9.38999271392822265625e+00) (3, -6.58764314651489257812e+00) (4, 1.07149159908294677734e+00) (5, 9.04898548126220703125e+00) (6, -8.99325656890869140625e+00) (7, -1.34110727310180664062e+01) (8, -1.51180183887481689453e+00) (9, -3.06783771514892578125e+00) (0, 9.99528598785400390625e+00) (1, 2.30454707145690917969e+00) (2, -7.20400428771972656250e+00) (3, 1.47008991241455078125e+01) (4, -1.56062388420104980469e+00) (5, -1.47065315246582031250e+01) (6, 7.45438003540039062500e+00) (7, -1.87992048263549804688e+00) (8, -8.87031078338623046875e+00) (9, -3.24735403060913085938e+00) (0, -1.27724189758300781250e+01) (1, 9.47645473480224609375e+00) (2, 2.21079397201538085938e+00) (3, -1.36652746200561523438e+01) (4, -2.13518112182617187500e+02) (5, 1.01576271057128906250e+01) (6, -4.34494829177856445312e+00) (7, -1.38186902999877929688e+01) (8, 1.15539431571960449219e+00) (9, -6.41438722610473632812e+00) (0, -8.77327632904052734375e+00) (1, -1.55156469345092773438e+01) (2, -2.25170350074768066406e+00) (3, -5.01870059967041015625e+00) (4, 2.35671567916870117188e+00) (5, 3.21792244911193847656e+00) (6, 3.06046128273010253906e+00) (7, 1.33786602020263671875e+01) (8, 9.16156291961669921875e+00) (9, -2.94479441642761230469e+00) (10, 5.22621345520019531250e+00) (11, 4.53378391265869140625e+00) (12, 2.88393592834472656250e+01) (13, 5.47584915161132812500e+00) (14, -1.96139585971832275391e+00) 
