FANN_FLO_2.1
num_layers=3
learning_rate=0.500000
connection_rate=1.000000
network_type=0
learning_momentum=0.000000
training_algorithm=2
train_error_function=1
train_stop_function=0
cascade_output_change_fraction=0.010000
quickprop_decay=-0.000100
quickprop_mu=1.750000
rprop_increase_factor=1.200000
rprop_decrease_factor=0.500000
rprop_delta_min=0.000000
rprop_delta_max=50.000000
rprop_delta_zero=0.100000
cascade_output_stagnation_epochs=12
cascade_candidate_change_fraction=0.010000
cascade_candidate_stagnation_epochs=12
cascade_max_out_epochs=150
cascade_min_out_epochs=50
cascade_max_cand_epochs=150
cascade_min_cand_epochs=50
cascade_num_candidate_groups=2
bit_fail_limit=3.49999994039535522461e-01
cascade_candidate_limit=1.00000000000000000000e+03
cascade_weight_multiplier=4.00000005960464477539e-01
cascade_activation_functions_count=10
cascade_activation_functions=3 5 7 8 10 11 14 15 16 17 
cascade_activation_steepnesses_count=4
cascade_activation_steepnesses=2.50000000000000000000e-01 5.00000000000000000000e-01 7.50000000000000000000e-01 1.00000000000000000000e+00 
layer_sizes=10 3 2 
scale_included=0
neurons (num_inputs, activation_function, activation_steepness)=(0, 0, 0.00000000000000000000e+00) (0, 0, 0.00000000000000000000e+00) (0, 0, 0.00000000000000000000e+00) (0, 0, 0.00000000000000000000e+00) (0, 0, 0.00000000000000000000e+00) (0, 0, 0.00000000000000000000e+00) (0, 0, 0.00000000000000000000e+00) (0, 0, 0.00000000000000000000e+00) (0, 0, 0.00000000000000000000e+00) (0, 0, 0.00000000000000000000e+00) (10, 3, 5.00000000000000000000e-01) (10, 3, 5.00000000000000000000e-01) (0, 3, 0.00000000000000000000e+00) (3, 3, 5.00000000000000000000e-01) (0, 3, 0.00000000000000000000e+00) 
connections (connected_to_neuron, weight)=(0, -1.48944532871246337891e+00) (1, 1.10053615570068359375e+01) (2, 9.98685550689697265625e+00) (3, -6.48927354812622070312e+00) (4, 1.35511887073516845703e+00) (5, 7.43414688110351562500e+00) (6, -1.61324176788330078125e+01) (7, -4.93179130554199218750e+00) (8, -1.49248003959655761719e+00) (9, -3.30400633811950683594e+00) (0, 4.97725343704223632812e+00) (1, -9.84699630737304687500e+00) (2, -6.18513917922973632812e+00) (3, 7.86838054656982421875e+00) (4, -7.09851789474487304688e+00) (5, -5.73033285140991210938e+00) (6, 1.56404161453247070312e+01) (7, 2.98085260391235351562e+00) (8, 4.66999006271362304688e+00) (9, -3.96001243591308593750e+00) (10, 4.98106050491333007812e+00) (11, 2.51011466979980468750e+00) (12, -7.40330815315246582031e-01) 
