FANN_FLO_2.1
num_layers=3
learning_rate=0.500000
connection_rate=1.000000
network_type=0
learning_momentum=0.000000
training_algorithm=2
train_error_function=1
train_stop_function=0
cascade_output_change_fraction=0.010000
quickprop_decay=-0.000100
quickprop_mu=1.750000
rprop_increase_factor=1.200000
rprop_decrease_factor=0.500000
rprop_delta_min=0.000000
rprop_delta_max=50.000000
rprop_delta_zero=0.100000
cascade_output_stagnation_epochs=12
cascade_candidate_change_fraction=0.010000
cascade_candidate_stagnation_epochs=12
cascade_max_out_epochs=150
cascade_min_out_epochs=50
cascade_max_cand_epochs=150
cascade_min_cand_epochs=50
cascade_num_candidate_groups=2
bit_fail_limit=3.49999994039535522461e-01
cascade_candidate_limit=1.00000000000000000000e+03
cascade_weight_multiplier=4.00000005960464477539e-01
cascade_activation_functions_count=10
cascade_activation_functions=3 5 7 8 10 11 14 15 16 17 
cascade_activation_steepnesses_count=4
cascade_activation_steepnesses=2.50000000000000000000e-01 5.00000000000000000000e-01 7.50000000000000000000e-01 1.00000000000000000000e+00 
layer_sizes=10 5 2 
scale_included=0
neurons (num_inputs, activation_function, activation_steepness)=(0, 0, 0.00000000000000000000e+00) (0, 0, 0.00000000000000000000e+00) (0, 0, 0.00000000000000000000e+00) (0, 0, 0.00000000000000000000e+00) (0, 0, 0.00000000000000000000e+00) (0, 0, 0.00000000000000000000e+00) (0, 0, 0.00000000000000000000e+00) (0, 0, 0.00000000000000000000e+00) (0, 0, 0.00000000000000000000e+00) (0, 0, 0.00000000000000000000e+00) (10, 3, 5.00000000000000000000e-01) (10, 3, 5.00000000000000000000e-01) (10, 3, 5.00000000000000000000e-01) (10, 3, 5.00000000000000000000e-01) (0, 3, 0.00000000000000000000e+00) (5, 3, 5.00000000000000000000e-01) (0, 3, 0.00000000000000000000e+00) 
connections (connected_to_neuron, weight)=(0, -1.97412669658660888672e+00) (1, -1.43485431671142578125e+01) (2, -1.35310535430908203125e+01) (3, 1.18998613357543945312e+01) (4, -3.34492415189743041992e-01) (5, -1.23828783035278320312e+01) (6, 1.34354629516601562500e+01) (7, 1.40452976226806640625e+01) (8, 2.66886329650878906250e+00) (9, -4.10603857040405273438e+00) (0, 8.41609668731689453125e+00) (1, 8.73894977569580078125e+00) (2, 2.36821317672729492188e+00) (3, 2.54000425338745117188e+00) (4, 1.14060238003730773926e-01) (5, -2.37012162804603576660e-01) (6, -2.76153349876403808594e+00) (7, -1.18115415573120117188e+01) (8, -8.46710586547851562500e+00) (9, -1.94681203365325927734e+00) (0, -1.16937751770019531250e+01) (1, -4.46489953994750976562e+00) (2, 6.93459558486938476562e+00) (3, -2.08209838867187500000e+01) (4, 2.20245718955993652344e+00) (5, 1.42181692123413085938e+01) (6, -5.44686841964721679688e+00) (7, 6.00498294830322265625e+00) (8, 1.20778427124023437500e+01) (9, -3.59922337532043457031e+00) (0, -3.23975443840026855469e+00) (1, 1.56534786224365234375e+01) (2, 1.13527762889862060547e+00) (3, 2.07216811180114746094e+00) (4, -1.66326217651367187500e+01) (5, -1.78039398193359375000e+01) (6, 2.28122215270996093750e+01) (7, 1.74639396667480468750e+01) (8, -1.07789349555969238281e+00) (9, -1.14814825057983398438e+01) (10, 4.39155101776123046875e+00) (11, 5.43528366088867187500e+00) (12, 4.52405929565429687500e+00) (13, 4.15803492069244384766e-01) (14, -1.86184227466583251953e+00) 
