FANN_FLO_2.1
num_layers=3
learning_rate=0.500000
connection_rate=1.000000
network_type=0
learning_momentum=0.000000
training_algorithm=2
train_error_function=1
train_stop_function=0
cascade_output_change_fraction=0.010000
quickprop_decay=-0.000100
quickprop_mu=1.750000
rprop_increase_factor=1.200000
rprop_decrease_factor=0.500000
rprop_delta_min=0.000000
rprop_delta_max=50.000000
rprop_delta_zero=0.100000
cascade_output_stagnation_epochs=12
cascade_candidate_change_fraction=0.010000
cascade_candidate_stagnation_epochs=12
cascade_max_out_epochs=150
cascade_min_out_epochs=50
cascade_max_cand_epochs=150
cascade_min_cand_epochs=50
cascade_num_candidate_groups=2
bit_fail_limit=3.49999994039535522461e-01
cascade_candidate_limit=1.00000000000000000000e+03
cascade_weight_multiplier=4.00000005960464477539e-01
cascade_activation_functions_count=10
cascade_activation_functions=3 5 7 8 10 11 14 15 16 17 
cascade_activation_steepnesses_count=4
cascade_activation_steepnesses=2.50000000000000000000e-01 5.00000000000000000000e-01 7.50000000000000000000e-01 1.00000000000000000000e+00 
layer_sizes=10 3 2 
scale_included=0
neurons (num_inputs, activation_function, activation_steepness)=(0, 0, 0.00000000000000000000e+00) (0, 0, 0.00000000000000000000e+00) (0, 0, 0.00000000000000000000e+00) (0, 0, 0.00000000000000000000e+00) (0, 0, 0.00000000000000000000e+00) (0, 0, 0.00000000000000000000e+00) (0, 0, 0.00000000000000000000e+00) (0, 0, 0.00000000000000000000e+00) (0, 0, 0.00000000000000000000e+00) (0, 0, 0.00000000000000000000e+00) (10, 3, 5.00000000000000000000e-01) (10, 3, 5.00000000000000000000e-01) (0, 3, 0.00000000000000000000e+00) (3, 3, 5.00000000000000000000e-01) (0, 3, 0.00000000000000000000e+00) 
connections (connected_to_neuron, weight)=(0, 5.43150186538696289062e+00) (1, -6.07301175594329833984e-01) (2, -3.93198013305664062500e+00) (3, 1.24576730728149414062e+01) (4, 6.09378874301910400391e-01) (5, -1.29685401916503906250e+01) (6, 5.04387998580932617188e+00) (7, -9.35349881649017333984e-01) (8, -4.96508884429931640625e+00) (9, -3.02277326583862304688e+00) (0, -4.76817464828491210938e+00) (1, 1.34437346458435058594e+00) (2, 4.89114093780517578125e+00) (3, -1.11068410873413085938e+01) (4, -1.60694980621337890625e+00) (5, 1.07220821380615234375e+01) (6, -5.24202537536621093750e+00) (7, 2.85613608360290527344e+00) (8, 3.84586238861083984375e+00) (9, -2.73322987556457519531e+00) (10, 5.05895471572875976562e+00) (11, 4.41341543197631835938e+00) (12, -7.01795637607574462891e-01) 
