FANN_FLO_2.1
num_layers=3
learning_rate=0.500000
connection_rate=1.000000
network_type=0
learning_momentum=0.000000
training_algorithm=2
train_error_function=1
train_stop_function=0
cascade_output_change_fraction=0.010000
quickprop_decay=-0.000100
quickprop_mu=1.750000
rprop_increase_factor=1.200000
rprop_decrease_factor=0.500000
rprop_delta_min=0.000000
rprop_delta_max=50.000000
rprop_delta_zero=0.100000
cascade_output_stagnation_epochs=12
cascade_candidate_change_fraction=0.010000
cascade_candidate_stagnation_epochs=12
cascade_max_out_epochs=150
cascade_min_out_epochs=50
cascade_max_cand_epochs=150
cascade_min_cand_epochs=50
cascade_num_candidate_groups=2
bit_fail_limit=3.49999994039535522461e-01
cascade_candidate_limit=1.00000000000000000000e+03
cascade_weight_multiplier=4.00000005960464477539e-01
cascade_activation_functions_count=10
cascade_activation_functions=3 5 7 8 10 11 14 15 16 17 
cascade_activation_steepnesses_count=4
cascade_activation_steepnesses=2.50000000000000000000e-01 5.00000000000000000000e-01 7.50000000000000000000e-01 1.00000000000000000000e+00 
layer_sizes=10 5 2 
scale_included=0
neurons (num_inputs, activation_function, activation_steepness)=(0, 0, 0.00000000000000000000e+00) (0, 0, 0.00000000000000000000e+00) (0, 0, 0.00000000000000000000e+00) (0, 0, 0.00000000000000000000e+00) (0, 0, 0.00000000000000000000e+00) (0, 0, 0.00000000000000000000e+00) (0, 0, 0.00000000000000000000e+00) (0, 0, 0.00000000000000000000e+00) (0, 0, 0.00000000000000000000e+00) (0, 0, 0.00000000000000000000e+00) (10, 3, 5.00000000000000000000e-01) (10, 3, 5.00000000000000000000e-01) (10, 3, 5.00000000000000000000e-01) (10, 3, 5.00000000000000000000e-01) (0, 3, 0.00000000000000000000e+00) (5, 3, 5.00000000000000000000e-01) (0, 3, 0.00000000000000000000e+00) 
connections (connected_to_neuron, weight)=(0, -2.02412719726562500000e+01) (1, -3.37333908081054687500e+01) (2, -3.46585178375244140625e+00) (3, -1.14060239791870117188e+01) (4, 1.98816227912902832031e+00) (5, 9.87428569793701171875e+00) (6, 2.72759127616882324219e+00) (7, 2.21118755340576171875e+01) (8, 2.54706478118896484375e+01) (9, -3.60325765609741210938e+00) (0, 9.21220493316650390625e+00) (1, -1.71812877058982849121e-01) (2, -1.38347043991088867188e+01) (3, 1.56788349151611328125e+01) (4, 4.35356521606445312500e+00) (5, -1.66465950012207031250e+01) (6, 1.32948350906372070312e+01) (7, -3.08188104629516601562e+00) (8, -1.00812988281250000000e+01) (9, -3.00022363662719726562e+00) (0, 2.71609282493591308594e+00) (1, 1.08414106369018554688e+01) (2, 1.06890649795532226562e+01) (3, -5.98518085479736328125e+00) (4, 9.20624017715454101562e-01) (5, 5.22738552093505859375e+00) (6, -8.72822093963623046875e+00) (7, -1.47225551605224609375e+01) (8, -1.20731151103973388672e+00) (9, -3.18665003776550292969e+00) (0, -3.86038041114807128906e+00) (1, -4.86150550842285156250e+00) (2, 6.49883091449737548828e-01) (3, -6.94748592376708984375e+00) (4, -6.29918432235717773438e+00) (5, 8.61400127410888671875e+00) (6, 1.92877352237701416016e+00) (7, 1.47532081604003906250e+01) (8, 2.97170376777648925781e+00) (9, -6.21664905548095703125e+00) (10, 3.07265138626098632812e+00) (11, 4.38770484924316406250e+00) (12, 5.28066587448120117188e+00) (13, 2.23249459266662597656e+00) (14, -1.64037036895751953125e+00) 
