FANN_FLO_2.1
num_layers=3
learning_rate=0.500000
connection_rate=1.000000
network_type=0
learning_momentum=0.000000
training_algorithm=2
train_error_function=1
train_stop_function=0
cascade_output_change_fraction=0.010000
quickprop_decay=-0.000100
quickprop_mu=1.750000
rprop_increase_factor=1.200000
rprop_decrease_factor=0.500000
rprop_delta_min=0.000000
rprop_delta_max=50.000000
rprop_delta_zero=0.100000
cascade_output_stagnation_epochs=12
cascade_candidate_change_fraction=0.010000
cascade_candidate_stagnation_epochs=12
cascade_max_out_epochs=150
cascade_min_out_epochs=50
cascade_max_cand_epochs=150
cascade_min_cand_epochs=50
cascade_num_candidate_groups=2
bit_fail_limit=3.49999994039535522461e-01
cascade_candidate_limit=1.00000000000000000000e+03
cascade_weight_multiplier=4.00000005960464477539e-01
cascade_activation_functions_count=10
cascade_activation_functions=3 5 7 8 10 11 14 15 16 17 
cascade_activation_steepnesses_count=4
cascade_activation_steepnesses=2.50000000000000000000e-01 5.00000000000000000000e-01 7.50000000000000000000e-01 1.00000000000000000000e+00 
layer_sizes=10 5 2 
scale_included=0
neurons (num_inputs, activation_function, activation_steepness)=(0, 0, 0.00000000000000000000e+00) (0, 0, 0.00000000000000000000e+00) (0, 0, 0.00000000000000000000e+00) (0, 0, 0.00000000000000000000e+00) (0, 0, 0.00000000000000000000e+00) (0, 0, 0.00000000000000000000e+00) (0, 0, 0.00000000000000000000e+00) (0, 0, 0.00000000000000000000e+00) (0, 0, 0.00000000000000000000e+00) (0, 0, 0.00000000000000000000e+00) (10, 3, 5.00000000000000000000e-01) (10, 3, 5.00000000000000000000e-01) (10, 3, 5.00000000000000000000e-01) (10, 3, 5.00000000000000000000e-01) (0, 3, 0.00000000000000000000e+00) (5, 3, 5.00000000000000000000e-01) (0, 3, 0.00000000000000000000e+00) 
connections (connected_to_neuron, weight)=(0, 2.28892402648925781250e+01) (1, -1.42357883453369140625e+01) (2, 1.90032684803009033203e+00) (3, -1.70068950653076171875e+01) (4, 9.45001411437988281250e+00) (5, -3.73581218719482421875e+00) (6, -1.91660273075103759766e+00) (7, 6.63501262664794921875e-01) (8, 9.62825393676757812500e+00) (9, 3.08318519592285156250e+00) (0, 4.52084636688232421875e+00) (1, 4.25834730267524719238e-02) (2, -6.90363693237304687500e+00) (3, 1.40508279800415039062e+01) (4, -5.34239709377288818359e-01) (5, 1.28440437316894531250e+01) (6, -4.15196657180786132812e+00) (7, -4.61009407043457031250e+00) (8, 1.55570983886718750000e+01) (9, -7.71031332015991210938e+00) (0, 7.27908086776733398438e+00) (1, -9.28519487380981445312e-01) (2, -5.05702018737792968750e+00) (3, 1.11029958724975585938e+01) (4, -2.37288403511047363281e+00) (5, 1.15688438415527343750e+01) (6, -2.06420135498046875000e+00) (7, -3.54807639122009277344e+00) (8, 1.55325984954833984375e+01) (9, -7.99116563796997070312e+00) (0, 4.49868822097778320312e+00) (1, 8.36360633373260498047e-01) (2, 2.39284753799438476562e-01) (3, 1.18334817886352539062e+01) (4, -1.18293237686157226562e+01) (5, 2.26089286804199218750e+01) (6, 9.15170764923095703125e+00) (7, 1.82886862754821777344e+00) (8, -3.02735972404479980469e+00) (9, -1.03782968521118164062e+01) (10, 1.80910646915435791016e+00) (11, 8.97540807723999023438e-01) (12, 8.54454115033149719238e-02) (13, 1.35547780990600585938e+00) (14, -2.55008816719055175781e+00) 
