FANN_FLO_2.1
num_layers=3
learning_rate=0.500000
connection_rate=1.000000
network_type=0
learning_momentum=0.000000
training_algorithm=2
train_error_function=1
train_stop_function=0
cascade_output_change_fraction=0.010000
quickprop_decay=-0.000100
quickprop_mu=1.750000
rprop_increase_factor=1.200000
rprop_decrease_factor=0.500000
rprop_delta_min=0.000000
rprop_delta_max=50.000000
rprop_delta_zero=0.100000
cascade_output_stagnation_epochs=12
cascade_candidate_change_fraction=0.010000
cascade_candidate_stagnation_epochs=12
cascade_max_out_epochs=150
cascade_min_out_epochs=50
cascade_max_cand_epochs=150
cascade_min_cand_epochs=50
cascade_num_candidate_groups=2
bit_fail_limit=3.49999994039535522461e-01
cascade_candidate_limit=1.00000000000000000000e+03
cascade_weight_multiplier=4.00000005960464477539e-01
cascade_activation_functions_count=10
cascade_activation_functions=3 5 7 8 10 11 14 15 16 17 
cascade_activation_steepnesses_count=4
cascade_activation_steepnesses=2.50000000000000000000e-01 5.00000000000000000000e-01 7.50000000000000000000e-01 1.00000000000000000000e+00 
layer_sizes=10 3 2 
scale_included=0
neurons (num_inputs, activation_function, activation_steepness)=(0, 0, 0.00000000000000000000e+00) (0, 0, 0.00000000000000000000e+00) (0, 0, 0.00000000000000000000e+00) (0, 0, 0.00000000000000000000e+00) (0, 0, 0.00000000000000000000e+00) (0, 0, 0.00000000000000000000e+00) (0, 0, 0.00000000000000000000e+00) (0, 0, 0.00000000000000000000e+00) (0, 0, 0.00000000000000000000e+00) (0, 0, 0.00000000000000000000e+00) (10, 3, 5.00000000000000000000e-01) (10, 3, 5.00000000000000000000e-01) (0, 3, 0.00000000000000000000e+00) (3, 3, 5.00000000000000000000e-01) (0, 3, 0.00000000000000000000e+00) 
connections (connected_to_neuron, weight)=(0, 2.00110897421836853027e-01) (1, 1.45736474990844726562e+01) (2, -1.39701328277587890625e+01) (3, 8.79323196411132812500e+00) (4, 2.00646138191223144531e+00) (5, 1.74773159027099609375e+01) (6, 5.23998975753784179688e+00) (7, 2.29016160964965820312e+00) (8, -2.53097200393676757812e+00) (9, -1.03657264709472656250e+01) (0, -5.60769796371459960938e-01) (1, 2.62093710899353027344e+00) (2, 4.33330345153808593750e+00) (3, 6.15668249130249023438e+00) (4, 3.26336169242858886719e+00) (5, 5.97309112548828125000e+00) (6, 7.06164360046386718750e+00) (7, 3.49117517471313476562e+00) (8, -3.27891302108764648438e+00) (9, -6.35558843612670898438e+00) (10, 8.13575804233551025391e-01) (11, 2.20195055007934570312e+00) (12, -1.68190991878509521484e+00) 
