FANN_FLO_2.1
num_layers=3
learning_rate=0.500000
connection_rate=1.000000
network_type=0
learning_momentum=0.000000
training_algorithm=2
train_error_function=1
train_stop_function=0
cascade_output_change_fraction=0.010000
quickprop_decay=-0.000100
quickprop_mu=1.750000
rprop_increase_factor=1.200000
rprop_decrease_factor=0.500000
rprop_delta_min=0.000000
rprop_delta_max=50.000000
rprop_delta_zero=0.100000
cascade_output_stagnation_epochs=12
cascade_candidate_change_fraction=0.010000
cascade_candidate_stagnation_epochs=12
cascade_max_out_epochs=150
cascade_min_out_epochs=50
cascade_max_cand_epochs=150
cascade_min_cand_epochs=50
cascade_num_candidate_groups=2
bit_fail_limit=3.49999994039535522461e-01
cascade_candidate_limit=1.00000000000000000000e+03
cascade_weight_multiplier=4.00000005960464477539e-01
cascade_activation_functions_count=10
cascade_activation_functions=3 5 7 8 10 11 14 15 16 17 
cascade_activation_steepnesses_count=4
cascade_activation_steepnesses=2.50000000000000000000e-01 5.00000000000000000000e-01 7.50000000000000000000e-01 1.00000000000000000000e+00 
layer_sizes=10 5 2 
scale_included=0
neurons (num_inputs, activation_function, activation_steepness)=(0, 0, 0.00000000000000000000e+00) (0, 0, 0.00000000000000000000e+00) (0, 0, 0.00000000000000000000e+00) (0, 0, 0.00000000000000000000e+00) (0, 0, 0.00000000000000000000e+00) (0, 0, 0.00000000000000000000e+00) (0, 0, 0.00000000000000000000e+00) (0, 0, 0.00000000000000000000e+00) (0, 0, 0.00000000000000000000e+00) (0, 0, 0.00000000000000000000e+00) (10, 3, 5.00000000000000000000e-01) (10, 3, 5.00000000000000000000e-01) (10, 3, 5.00000000000000000000e-01) (10, 3, 5.00000000000000000000e-01) (0, 3, 0.00000000000000000000e+00) (5, 3, 5.00000000000000000000e-01) (0, 3, 0.00000000000000000000e+00) 
connections (connected_to_neuron, weight)=(0, 1.02430868148803710938e+01) (1, -1.79977369308471679688e+00) (2, -8.12814140319824218750e+00) (3, 7.39132118225097656250e+00) (4, 4.03770446777343750000e+00) (5, 7.48588705062866210938e+00) (6, -1.19829511642456054688e+00) (7, -6.05927801132202148438e+00) (8, 1.69132270812988281250e+01) (9, -7.86720085144042968750e+00) (0, 7.86571311950683593750e+00) (1, 8.14964294433593750000e-01) (2, -6.92480611801147460938e+00) (3, 9.56259250640869140625e+00) (4, -8.40260982513427734375e+00) (5, 1.65550727844238281250e+01) (6, 5.02170085906982421875e-01) (7, 1.86140322685241699219e+00) (8, 1.38802433013916015625e+01) (9, -9.61597537994384765625e+00) (0, 5.02349710464477539062e+00) (1, -1.43918914794921875000e+01) (2, 2.83781588077545166016e-01) (3, -1.45766534805297851562e+01) (4, 1.25457706451416015625e+01) (5, -9.20719432830810546875e+00) (6, 3.24131536483764648438e+00) (7, -1.08979129791259765625e+01) (8, 7.63526964187622070312e+00) (9, 1.32057504653930664062e+01) (0, 5.61926317214965820312e+00) (1, 1.25335514545440673828e+00) (2, 9.36398327350616455078e-01) (3, 1.05680780410766601562e+01) (4, -6.74924230575561523438e+00) (5, 2.48240642547607421875e+01) (6, 9.32412147521972656250e+00) (7, 6.90352320671081542969e-01) (8, -9.35701847076416015625e+00) (9, -1.11958742141723632812e+01) (10, 5.40539622306823730469e-01) (11, 9.56795156002044677734e-01) (12, 1.65308642387390136719e+00) (13, 1.29914212226867675781e+00) (14, -2.52961063385009765625e+00) 
