FANN_FLO_2.1
num_layers=3
learning_rate=0.500000
connection_rate=1.000000
network_type=0
learning_momentum=0.000000
training_algorithm=2
train_error_function=1
train_stop_function=0
cascade_output_change_fraction=0.010000
quickprop_decay=-0.000100
quickprop_mu=1.750000
rprop_increase_factor=1.200000
rprop_decrease_factor=0.500000
rprop_delta_min=0.000000
rprop_delta_max=50.000000
rprop_delta_zero=0.100000
cascade_output_stagnation_epochs=12
cascade_candidate_change_fraction=0.010000
cascade_candidate_stagnation_epochs=12
cascade_max_out_epochs=150
cascade_min_out_epochs=50
cascade_max_cand_epochs=150
cascade_min_cand_epochs=50
cascade_num_candidate_groups=2
bit_fail_limit=3.49999994039535522461e-01
cascade_candidate_limit=1.00000000000000000000e+03
cascade_weight_multiplier=4.00000005960464477539e-01
cascade_activation_functions_count=10
cascade_activation_functions=3 5 7 8 10 11 14 15 16 17 
cascade_activation_steepnesses_count=4
cascade_activation_steepnesses=2.50000000000000000000e-01 5.00000000000000000000e-01 7.50000000000000000000e-01 1.00000000000000000000e+00 
layer_sizes=6 5 2 
scale_included=0
neurons (num_inputs, activation_function, activation_steepness)=(0, 0, 0.00000000000000000000e+00) (0, 0, 0.00000000000000000000e+00) (0, 0, 0.00000000000000000000e+00) (0, 0, 0.00000000000000000000e+00) (0, 0, 0.00000000000000000000e+00) (0, 0, 0.00000000000000000000e+00) (6, 3, 5.00000000000000000000e-01) (6, 3, 5.00000000000000000000e-01) (6, 3, 5.00000000000000000000e-01) (6, 3, 5.00000000000000000000e-01) (0, 3, 0.00000000000000000000e+00) (5, 0, 5.00000000000000000000e-01) (0, 0, 0.00000000000000000000e+00) 
connections (connected_to_neuron, weight)=(0, 1.17487132549285888672e+00) (1, -1.34280174970626831055e-02) (2, -3.26078176498413085938e+00) (3, 2.30549860000610351562e+00) (4, -5.89022779464721679688e+00) (5, 1.78114259243011474609e+00) (0, 1.11566424369812011719e+00) (1, 3.20219063758850097656e+00) (2, -5.29730319976806640625e+00) (3, 2.77816128730773925781e+00) (4, 7.55601072311401367188e+00) (5, 1.72808182239532470703e+00) (0, 1.01733374595642089844e+00) (1, -4.69014167785644531250e+00) (2, 5.30847787857055664062e+00) (3, -2.37489151954650878906e+00) (4, 2.34490323066711425781e+00) (5, 1.77373445034027099609e+00) (0, -3.73626142740249633789e-01) (1, 7.84124881029129028320e-02) (2, 2.04419016838073730469e-01) (3, -2.92402535676956176758e-01) (4, -6.70405507087707519531e-01) (5, 3.34054648876190185547e-01) (6, 1.02324199676513671875e+00) (7, 1.03862094879150390625e+00) (8, 1.02350568771362304688e+00) (9, 9.36507940292358398438e-01) (10, 9.54119682312011718750e-01) 
