FANN_FLO_2.1
num_layers=3
learning_rate=0.500000
connection_rate=1.000000
network_type=0
learning_momentum=0.000000
training_algorithm=2
train_error_function=1
train_stop_function=0
cascade_output_change_fraction=0.010000
quickprop_decay=-0.000100
quickprop_mu=1.750000
rprop_increase_factor=1.200000
rprop_decrease_factor=0.500000
rprop_delta_min=0.000000
rprop_delta_max=50.000000
rprop_delta_zero=0.100000
cascade_output_stagnation_epochs=12
cascade_candidate_change_fraction=0.010000
cascade_candidate_stagnation_epochs=12
cascade_max_out_epochs=150
cascade_min_out_epochs=50
cascade_max_cand_epochs=150
cascade_min_cand_epochs=50
cascade_num_candidate_groups=2
bit_fail_limit=3.49999994039535522461e-01
cascade_candidate_limit=1.00000000000000000000e+03
cascade_weight_multiplier=4.00000005960464477539e-01
cascade_activation_functions_count=10
cascade_activation_functions=3 5 7 8 10 11 14 15 16 17 
cascade_activation_steepnesses_count=4
cascade_activation_steepnesses=2.50000000000000000000e-01 5.00000000000000000000e-01 7.50000000000000000000e-01 1.00000000000000000000e+00 
layer_sizes=6 5 2 
scale_included=0
neurons (num_inputs, activation_function, activation_steepness)=(0, 0, 0.00000000000000000000e+00) (0, 0, 0.00000000000000000000e+00) (0, 0, 0.00000000000000000000e+00) (0, 0, 0.00000000000000000000e+00) (0, 0, 0.00000000000000000000e+00) (0, 0, 0.00000000000000000000e+00) (6, 3, 5.00000000000000000000e-01) (6, 3, 5.00000000000000000000e-01) (6, 3, 5.00000000000000000000e-01) (6, 3, 5.00000000000000000000e-01) (0, 3, 0.00000000000000000000e+00) (5, 0, 5.00000000000000000000e-01) (0, 0, 0.00000000000000000000e+00) 
connections (connected_to_neuron, weight)=(0, 1.01656866073608398438e+00) (1, 9.70067310333251953125e+00) (2, -4.67295408248901367188e+00) (3, 1.11078100204467773438e+01) (4, 1.53485031127929687500e+01) (5, 3.07537031173706054688e+00) (0, -1.47111322730779647827e-02) (1, -3.91693562269210815430e-01) (2, 2.69582539796829223633e-01) (3, -3.39845746755599975586e-01) (4, -6.62822648882865905762e-03) (5, 2.42180705070495605469e-01) (0, 1.62433016300201416016e+00) (1, 9.21511411666870117188e-01) (2, -6.53638124465942382812e+00) (3, 1.53325423598289489746e-01) (4, -2.10547599792480468750e+01) (5, 2.95414328575134277344e+00) (0, -5.77307268977165222168e-02) (1, -2.46657401323318481445e-01) (2, 1.85655489563941955566e-01) (3, -1.25116661190986633301e-01) (4, 2.96711008995771408081e-02) (5, 2.89481788873672485352e-01) (6, 1.09669673442840576172e+00) (7, 9.98485565185546875000e-01) (8, 1.13961446285247802734e+00) (9, 9.74506080150604248047e-01) (10, 1.03774070739746093750e+00) 
