FANN_FLO_2.1
num_layers=3
learning_rate=0.500000
connection_rate=1.000000
network_type=0
learning_momentum=0.000000
training_algorithm=2
train_error_function=1
train_stop_function=0
cascade_output_change_fraction=0.010000
quickprop_decay=-0.000100
quickprop_mu=1.750000
rprop_increase_factor=1.200000
rprop_decrease_factor=0.500000
rprop_delta_min=0.000000
rprop_delta_max=50.000000
rprop_delta_zero=0.100000
cascade_output_stagnation_epochs=12
cascade_candidate_change_fraction=0.010000
cascade_candidate_stagnation_epochs=12
cascade_max_out_epochs=150
cascade_min_out_epochs=50
cascade_max_cand_epochs=150
cascade_min_cand_epochs=50
cascade_num_candidate_groups=2
bit_fail_limit=3.49999994039535522461e-01
cascade_candidate_limit=1.00000000000000000000e+03
cascade_weight_multiplier=4.00000005960464477539e-01
cascade_activation_functions_count=10
cascade_activation_functions=3 5 7 8 10 11 14 15 16 17 
cascade_activation_steepnesses_count=4
cascade_activation_steepnesses=2.50000000000000000000e-01 5.00000000000000000000e-01 7.50000000000000000000e-01 1.00000000000000000000e+00 
layer_sizes=6 5 2 
scale_included=0
neurons (num_inputs, activation_function, activation_steepness)=(0, 0, 0.00000000000000000000e+00) (0, 0, 0.00000000000000000000e+00) (0, 0, 0.00000000000000000000e+00) (0, 0, 0.00000000000000000000e+00) (0, 0, 0.00000000000000000000e+00) (0, 0, 0.00000000000000000000e+00) (6, 3, 5.00000000000000000000e-01) (6, 3, 5.00000000000000000000e-01) (6, 3, 5.00000000000000000000e-01) (6, 3, 5.00000000000000000000e-01) (0, 3, 0.00000000000000000000e+00) (5, 0, 5.00000000000000000000e-01) (0, 0, 0.00000000000000000000e+00) 
connections (connected_to_neuron, weight)=(0, 5.65051054581999778748e-03) (1, -8.21288973093032836914e-02) (2, 2.06465810537338256836e-01) (3, -2.27643072605133056641e-01) (4, 8.43163505196571350098e-02) (5, 2.46291294693946838379e-01) (0, 1.18395841121673583984e+00) (1, -6.75097560882568359375e+00) (2, 4.63903284072875976562e+00) (3, 4.22195911407470703125e+00) (4, -7.72645998001098632812e+00) (5, 3.22191190719604492188e+00) (0, 1.05553770065307617188e+00) (1, 7.28278350830078125000e+00) (2, -1.03219184875488281250e+01) (3, 4.32193040847778320312e+00) (4, 1.25326550006866455078e+00) (5, 3.17433071136474609375e+00) (0, -6.56978338956832885742e-02) (1, -6.48054629564285278320e-02) (2, 7.10968449711799621582e-02) (3, -1.84963509440422058105e-01) (4, -5.18961511552333831787e-02) (5, 2.80022382736206054688e-01) (6, 9.73236143589019775391e-01) (7, 1.13174009323120117188e+00) (8, 1.08077168464660644531e+00) (9, 1.05199635028839111328e+00) (10, 1.03031551837921142578e+00) 
