FANN_FLO_2.1
num_layers=3
learning_rate=0.500000
connection_rate=1.000000
network_type=0
learning_momentum=0.000000
training_algorithm=2
train_error_function=1
train_stop_function=0
cascade_output_change_fraction=0.010000
quickprop_decay=-0.000100
quickprop_mu=1.750000
rprop_increase_factor=1.200000
rprop_decrease_factor=0.500000
rprop_delta_min=0.000000
rprop_delta_max=50.000000
rprop_delta_zero=0.100000
cascade_output_stagnation_epochs=12
cascade_candidate_change_fraction=0.010000
cascade_candidate_stagnation_epochs=12
cascade_max_out_epochs=150
cascade_min_out_epochs=50
cascade_max_cand_epochs=150
cascade_min_cand_epochs=50
cascade_num_candidate_groups=2
bit_fail_limit=3.49999994039535522461e-01
cascade_candidate_limit=1.00000000000000000000e+03
cascade_weight_multiplier=4.00000005960464477539e-01
cascade_activation_functions_count=10
cascade_activation_functions=3 5 7 8 10 11 14 15 16 17 
cascade_activation_steepnesses_count=4
cascade_activation_steepnesses=2.50000000000000000000e-01 5.00000000000000000000e-01 7.50000000000000000000e-01 1.00000000000000000000e+00 
layer_sizes=10 5 2 
scale_included=0
neurons (num_inputs, activation_function, activation_steepness)=(0, 0, 0.00000000000000000000e+00) (0, 0, 0.00000000000000000000e+00) (0, 0, 0.00000000000000000000e+00) (0, 0, 0.00000000000000000000e+00) (0, 0, 0.00000000000000000000e+00) (0, 0, 0.00000000000000000000e+00) (0, 0, 0.00000000000000000000e+00) (0, 0, 0.00000000000000000000e+00) (0, 0, 0.00000000000000000000e+00) (0, 0, 0.00000000000000000000e+00) (10, 3, 5.00000000000000000000e-01) (10, 3, 5.00000000000000000000e-01) (10, 3, 5.00000000000000000000e-01) (10, 3, 5.00000000000000000000e-01) (0, 3, 0.00000000000000000000e+00) (5, 3, 5.00000000000000000000e-01) (0, 3, 0.00000000000000000000e+00) 
connections (connected_to_neuron, weight)=(0, -7.98886299133300781250e+00) (1, -8.08226490020751953125e+00) (2, -3.04681801795959472656e+00) (3, 1.26586217880249023438e+01) (4, 1.25708484649658203125e+00) (5, -1.09725990295410156250e+01) (6, 1.75128269195556640625e+01) (7, 6.46651172637939453125e+00) (8, 1.38080005645751953125e+01) (9, -9.94924736022949218750e+00) (0, 1.39335641860961914062e+01) (1, 2.35830478668212890625e+01) (2, 5.22369956970214843750e+00) (3, 5.82131242752075195312e+00) (4, -2.90744018554687500000e+00) (5, 1.66816663742065429688e+00) (6, -1.16841678619384765625e+01) (7, -1.87021522521972656250e+01) (8, -1.78653755187988281250e+01) (9, -3.96984124183654785156e+00) (0, 3.41320013999938964844e+00) (1, -1.63571243286132812500e+01) (2, -1.73483734130859375000e+01) (3, 1.70882854461669921875e+01) (4, 6.55858373641967773438e+00) (5, -2.32427463531494140625e+01) (6, 2.02312850952148437500e+01) (7, 6.62394762039184570312e+00) (8, 1.93740832805633544922e+00) (9, -5.01391935348510742188e+00) (0, -1.38577432632446289062e+01) (1, -5.69040250778198242188e+00) (2, 8.00417041778564453125e+00) (3, -1.80752372741699218750e+01) (4, 3.02567761391401290894e-02) (5, 1.79521465301513671875e+01) (6, -9.56508636474609375000e+00) (7, 5.99997949600219726562e+00) (8, 1.35072784423828125000e+01) (9, -2.95333409309387207031e+00) (10, 6.25989794731140136719e-01) (11, 3.98834013938903808594e+00) (12, 4.19373083114624023438e+00) (13, 4.25393581390380859375e+00) (14, -1.72288262844085693359e+00) 
