FANN_FLO_2.1
num_layers=3
learning_rate=0.500000
connection_rate=1.000000
network_type=0
learning_momentum=0.000000
training_algorithm=2
train_error_function=1
train_stop_function=0
cascade_output_change_fraction=0.010000
quickprop_decay=-0.000100
quickprop_mu=1.750000
rprop_increase_factor=1.200000
rprop_decrease_factor=0.500000
rprop_delta_min=0.000000
rprop_delta_max=50.000000
rprop_delta_zero=0.100000
cascade_output_stagnation_epochs=12
cascade_candidate_change_fraction=0.010000
cascade_candidate_stagnation_epochs=12
cascade_max_out_epochs=150
cascade_min_out_epochs=50
cascade_max_cand_epochs=150
cascade_min_cand_epochs=50
cascade_num_candidate_groups=2
bit_fail_limit=3.49999994039535522461e-01
cascade_candidate_limit=1.00000000000000000000e+03
cascade_weight_multiplier=4.00000005960464477539e-01
cascade_activation_functions_count=10
cascade_activation_functions=3 5 7 8 10 11 14 15 16 17 
cascade_activation_steepnesses_count=4
cascade_activation_steepnesses=2.50000000000000000000e-01 5.00000000000000000000e-01 7.50000000000000000000e-01 1.00000000000000000000e+00 
layer_sizes=10 5 2 
scale_included=0
neurons (num_inputs, activation_function, activation_steepness)=(0, 0, 0.00000000000000000000e+00) (0, 0, 0.00000000000000000000e+00) (0, 0, 0.00000000000000000000e+00) (0, 0, 0.00000000000000000000e+00) (0, 0, 0.00000000000000000000e+00) (0, 0, 0.00000000000000000000e+00) (0, 0, 0.00000000000000000000e+00) (0, 0, 0.00000000000000000000e+00) (0, 0, 0.00000000000000000000e+00) (0, 0, 0.00000000000000000000e+00) (10, 3, 5.00000000000000000000e-01) (10, 3, 5.00000000000000000000e-01) (10, 3, 5.00000000000000000000e-01) (10, 3, 5.00000000000000000000e-01) (0, 3, 0.00000000000000000000e+00) (5, 3, 5.00000000000000000000e-01) (0, 3, 0.00000000000000000000e+00) 
connections (connected_to_neuron, weight)=(0, -1.36584875488281250000e+03) (1, -1.50000000000000000000e+03) (2, -1.50000000000000000000e+03) (3, -6.37258005142211914062e+00) (4, -1.50000000000000000000e+03) (5, -1.50000000000000000000e+03) (6, -1.50000000000000000000e+03) (7, -9.77775096893310546875e+00) (8, -1.48819018554687500000e+03) (9, -1.66516149044036865234e+00) (0, 8.14226627349853515625e-01) (1, -1.23560333251953125000e+01) (2, -1.20745992660522460938e+01) (3, 1.25895967483520507812e+01) (4, -2.25466653704643249512e-01) (5, -1.31639404296875000000e+01) (6, 1.26426134109497070312e+01) (7, 1.26293287277221679688e+01) (8, 1.48182213306427001953e-01) (9, -4.60006952285766601562e+00) (0, -9.31933784484863281250e+00) (1, -4.03428983688354492188e+00) (2, 4.44986343383789062500e+00) (3, -1.46355247497558593750e+01) (4, 7.48584866523742675781e-01) (5, 1.29939670562744140625e+01) (6, -4.83465099334716796875e+00) (7, 5.19194364547729492188e+00) (8, 8.61054325103759765625e+00) (9, -2.82024836540222167969e+00) (0, 8.77831745147705078125e+00) (1, 1.72090911865234375000e+01) (2, 6.53970098495483398438e+00) (3, 5.61010265350341796875e+00) (4, -1.65616500377655029297e+00) (5, -2.34123444557189941406e+00) (6, -5.90259265899658203125e+00) (7, -1.70317687988281250000e+01) (8, -1.22774810791015625000e+01) (9, -2.94909334182739257812e+00) (10, 1.50000000000000000000e+03) (11, 4.84753084182739257812e+00) (12, 5.03320503234863281250e+00) (13, 4.35350275039672851562e+00) (14, -1.75910174846649169922e+00) 
