FANN_FLO_2.1
num_layers=3
learning_rate=0.500000
connection_rate=1.000000
network_type=0
learning_momentum=0.000000
training_algorithm=2
train_error_function=1
train_stop_function=0
cascade_output_change_fraction=0.010000
quickprop_decay=-0.000100
quickprop_mu=1.750000
rprop_increase_factor=1.200000
rprop_decrease_factor=0.500000
rprop_delta_min=0.000000
rprop_delta_max=50.000000
rprop_delta_zero=0.100000
cascade_output_stagnation_epochs=12
cascade_candidate_change_fraction=0.010000
cascade_candidate_stagnation_epochs=12
cascade_max_out_epochs=150
cascade_min_out_epochs=50
cascade_max_cand_epochs=150
cascade_min_cand_epochs=50
cascade_num_candidate_groups=2
bit_fail_limit=3.49999994039535522461e-01
cascade_candidate_limit=1.00000000000000000000e+03
cascade_weight_multiplier=4.00000005960464477539e-01
cascade_activation_functions_count=10
cascade_activation_functions=3 5 7 8 10 11 14 15 16 17 
cascade_activation_steepnesses_count=4
cascade_activation_steepnesses=2.50000000000000000000e-01 5.00000000000000000000e-01 7.50000000000000000000e-01 1.00000000000000000000e+00 
layer_sizes=10 5 2 
scale_included=0
neurons (num_inputs, activation_function, activation_steepness)=(0, 0, 0.00000000000000000000e+00) (0, 0, 0.00000000000000000000e+00) (0, 0, 0.00000000000000000000e+00) (0, 0, 0.00000000000000000000e+00) (0, 0, 0.00000000000000000000e+00) (0, 0, 0.00000000000000000000e+00) (0, 0, 0.00000000000000000000e+00) (0, 0, 0.00000000000000000000e+00) (0, 0, 0.00000000000000000000e+00) (0, 0, 0.00000000000000000000e+00) (10, 3, 5.00000000000000000000e-01) (10, 3, 5.00000000000000000000e-01) (10, 3, 5.00000000000000000000e-01) (10, 3, 5.00000000000000000000e-01) (0, 3, 0.00000000000000000000e+00) (5, 3, 5.00000000000000000000e-01) (0, 3, 0.00000000000000000000e+00) 
connections (connected_to_neuron, weight)=(0, 2.42662858963012695312e+00) (1, 4.20610189437866210938e+00) (2, 1.58284381031990051270e-01) (3, 1.62976951599121093750e+01) (4, -4.72805643081665039062e+00) (5, 1.28600015640258789062e+01) (6, -6.20630407333374023438e+00) (7, 5.92440664768218994141e-01) (8, 1.79588234424591064453e+00) (9, -1.45230541229248046875e+01) (0, 1.24737319946289062500e+01) (1, -8.17998790740966796875e+00) (2, -8.97984504699707031250e+00) (3, 7.96581029891967773438e+00) (4, 8.36183357238769531250e+00) (5, 9.67010211944580078125e+00) (6, -6.98273658752441406250e+00) (7, -4.46316576004028320312e+00) (8, 1.78529262542724609375e+01) (9, -7.72703933715820312500e+00) (0, 7.44603919982910156250e+00) (1, 1.11852332949638366699e-01) (2, -3.34319567680358886719e+00) (3, 1.13134269714355468750e+01) (4, -1.09199972152709960938e+01) (5, 1.61339950561523437500e+01) (6, 2.36985754966735839844e+00) (7, -4.95992708206176757812e+00) (8, 1.89941616058349609375e+01) (9, -9.16660308837890625000e+00) (0, 6.27719831466674804688e+00) (1, 3.94395023584365844727e-01) (2, -2.08072692155838012695e-01) (3, 1.29620275497436523438e+01) (4, -7.64690494537353515625e+00) (5, 2.93950729370117187500e+01) (6, 8.76454734802246093750e+00) (7, 3.37598979473114013672e-01) (8, -1.10218362808227539062e+01) (9, -1.18309202194213867188e+01) (10, -1.33840012550354003906e+00) (11, 9.74029183387756347656e-01) (12, 9.08391416072845458984e-01) (13, 1.40767240524291992188e+00) (14, -1.13937485218048095703e+00) 
