FANN_FLO_2.1
num_layers=3
learning_rate=0.500000
connection_rate=1.000000
network_type=0
learning_momentum=0.000000
training_algorithm=2
train_error_function=1
train_stop_function=0
cascade_output_change_fraction=0.010000
quickprop_decay=-0.000100
quickprop_mu=1.750000
rprop_increase_factor=1.200000
rprop_decrease_factor=0.500000
rprop_delta_min=0.000000
rprop_delta_max=50.000000
rprop_delta_zero=0.100000
cascade_output_stagnation_epochs=12
cascade_candidate_change_fraction=0.010000
cascade_candidate_stagnation_epochs=12
cascade_max_out_epochs=150
cascade_min_out_epochs=50
cascade_max_cand_epochs=150
cascade_min_cand_epochs=50
cascade_num_candidate_groups=2
bit_fail_limit=3.49999994039535522461e-01
cascade_candidate_limit=1.00000000000000000000e+03
cascade_weight_multiplier=4.00000005960464477539e-01
cascade_activation_functions_count=10
cascade_activation_functions=3 5 7 8 10 11 14 15 16 17 
cascade_activation_steepnesses_count=4
cascade_activation_steepnesses=2.50000000000000000000e-01 5.00000000000000000000e-01 7.50000000000000000000e-01 1.00000000000000000000e+00 
layer_sizes=6 5 2 
scale_included=0
neurons (num_inputs, activation_function, activation_steepness)=(0, 0, 0.00000000000000000000e+00) (0, 0, 0.00000000000000000000e+00) (0, 0, 0.00000000000000000000e+00) (0, 0, 0.00000000000000000000e+00) (0, 0, 0.00000000000000000000e+00) (0, 0, 0.00000000000000000000e+00) (6, 3, 5.00000000000000000000e-01) (6, 3, 5.00000000000000000000e-01) (6, 3, 5.00000000000000000000e-01) (6, 3, 5.00000000000000000000e-01) (0, 3, 0.00000000000000000000e+00) (5, 0, 5.00000000000000000000e-01) (0, 0, 0.00000000000000000000e+00) 
connections (connected_to_neuron, weight)=(0, 9.21322286128997802734e-01) (1, 4.17820692062377929688e+00) (2, -4.77966022491455078125e+00) (3, 5.70071876049041748047e-01) (4, -2.17910766601562500000e+00) (5, 1.90652883052825927734e+00) (0, 1.40620386600494384766e+00) (1, -9.23374938964843750000e+00) (2, 1.24891173839569091797e+00) (3, 6.33483123779296875000e+00) (4, -5.66400051116943359375e-01) (5, 2.51043128967285156250e+00) (0, 1.00756120681762695312e+00) (1, -2.15806961059570312500e+00) (2, -1.34654307365417480469e+00) (3, -1.31961667537689208984e+00) (4, 9.49061965942382812500e+00) (5, 1.73482608795166015625e+00) (0, -3.38585317134857177734e-01) (1, 2.24624667316675186157e-02) (2, 7.91576147079467773438e-01) (3, -2.12675780057907104492e-01) (4, -1.01749932765960693359e+00) (5, 1.86726942658424377441e-01) (6, 1.02053058147430419922e+00) (7, 9.97645437717437744141e-01) (8, 1.02248775959014892578e+00) (9, 8.85995686054229736328e-01) (10, 1.02436125278472900391e+00) 
