FANN_FLO_2.1
num_layers=3
learning_rate=0.500000
connection_rate=1.000000
network_type=0
learning_momentum=0.000000
training_algorithm=2
train_error_function=1
train_stop_function=0
cascade_output_change_fraction=0.010000
quickprop_decay=-0.000100
quickprop_mu=1.750000
rprop_increase_factor=1.200000
rprop_decrease_factor=0.500000
rprop_delta_min=0.000000
rprop_delta_max=50.000000
rprop_delta_zero=0.100000
cascade_output_stagnation_epochs=12
cascade_candidate_change_fraction=0.010000
cascade_candidate_stagnation_epochs=12
cascade_max_out_epochs=150
cascade_min_out_epochs=50
cascade_max_cand_epochs=150
cascade_min_cand_epochs=50
cascade_num_candidate_groups=2
bit_fail_limit=3.49999994039535522461e-01
cascade_candidate_limit=1.00000000000000000000e+03
cascade_weight_multiplier=4.00000005960464477539e-01
cascade_activation_functions_count=10
cascade_activation_functions=3 5 7 8 10 11 14 15 16 17 
cascade_activation_steepnesses_count=4
cascade_activation_steepnesses=2.50000000000000000000e-01 5.00000000000000000000e-01 7.50000000000000000000e-01 1.00000000000000000000e+00 
layer_sizes=6 5 2 
scale_included=0
neurons (num_inputs, activation_function, activation_steepness)=(0, 0, 0.00000000000000000000e+00) (0, 0, 0.00000000000000000000e+00) (0, 0, 0.00000000000000000000e+00) (0, 0, 0.00000000000000000000e+00) (0, 0, 0.00000000000000000000e+00) (0, 0, 0.00000000000000000000e+00) (6, 3, 5.00000000000000000000e-01) (6, 3, 5.00000000000000000000e-01) (6, 3, 5.00000000000000000000e-01) (6, 3, 5.00000000000000000000e-01) (0, 3, 0.00000000000000000000e+00) (5, 0, 5.00000000000000000000e-01) (0, 0, 0.00000000000000000000e+00) 
connections (connected_to_neuron, weight)=(0, 1.34440577030181884766e+00) (1, -6.94920349121093750000e+00) (2, 8.47492980957031250000e+00) (3, -3.54773926734924316406e+00) (4, -1.65856766700744628906e+00) (5, 2.81698012351989746094e+00) (0, 1.84102129936218261719e+00) (1, 6.79250860214233398438e+00) (2, -8.35772132873535156250e+00) (3, 1.99576783180236816406e+00) (4, -8.68931233882904052734e-01) (5, 2.03326916694641113281e+00) (0, -5.75565360486507415771e-02) (1, 8.50148573517799377441e-02) (2, -3.31416539847850799561e-02) (3, -1.64883118122816085815e-02) (4, 4.77961404249072074890e-03) (5, 3.09516221284866333008e-01) (0, -3.55821177363395690918e-02) (1, 1.74598153680562973022e-02) (2, 7.87698328495025634766e-02) (3, -2.22948333248496055603e-03) (4, 1.21388118714094161987e-04) (5, 3.45441192388534545898e-01) (6, 1.06839907169342041016e+00) (7, 1.06031167507171630859e+00) (8, 9.79614794254302978516e-01) (9, 1.02342140674591064453e+00) (10, 1.10698425769805908203e+00) 
