FANN_FLO_2.1
num_layers=3
learning_rate=0.500000
connection_rate=1.000000
network_type=0
learning_momentum=0.000000
training_algorithm=2
train_error_function=1
train_stop_function=0
cascade_output_change_fraction=0.010000
quickprop_decay=-0.000100
quickprop_mu=1.750000
rprop_increase_factor=1.200000
rprop_decrease_factor=0.500000
rprop_delta_min=0.000000
rprop_delta_max=50.000000
rprop_delta_zero=0.100000
cascade_output_stagnation_epochs=12
cascade_candidate_change_fraction=0.010000
cascade_candidate_stagnation_epochs=12
cascade_max_out_epochs=150
cascade_min_out_epochs=50
cascade_max_cand_epochs=150
cascade_min_cand_epochs=50
cascade_num_candidate_groups=2
bit_fail_limit=3.49999994039535522461e-01
cascade_candidate_limit=1.00000000000000000000e+03
cascade_weight_multiplier=4.00000005960464477539e-01
cascade_activation_functions_count=10
cascade_activation_functions=3 5 7 8 10 11 14 15 16 17 
cascade_activation_steepnesses_count=4
cascade_activation_steepnesses=2.50000000000000000000e-01 5.00000000000000000000e-01 7.50000000000000000000e-01 1.00000000000000000000e+00 
layer_sizes=6 5 2 
scale_included=0
neurons (num_inputs, activation_function, activation_steepness)=(0, 0, 0.00000000000000000000e+00) (0, 0, 0.00000000000000000000e+00) (0, 0, 0.00000000000000000000e+00) (0, 0, 0.00000000000000000000e+00) (0, 0, 0.00000000000000000000e+00) (0, 0, 0.00000000000000000000e+00) (6, 3, 5.00000000000000000000e-01) (6, 3, 5.00000000000000000000e-01) (6, 3, 5.00000000000000000000e-01) (6, 3, 5.00000000000000000000e-01) (0, 3, 0.00000000000000000000e+00) (5, 0, 5.00000000000000000000e-01) (0, 0, 0.00000000000000000000e+00) 
connections (connected_to_neuron, weight)=(0, -2.23769038915634155273e-01) (1, 2.23645567893981933594e-01) (2, 4.71558600664138793945e-01) (3, -2.41098865866661071777e-01) (4, -1.35305121541023254395e-01) (5, 3.92266303300857543945e-01) (0, -2.17660427093505859375e-01) (1, -7.69436776638031005859e-01) (2, 4.27077293395996093750e-01) (3, -1.48099049925804138184e-01) (4, 5.66917844116687774658e-02) (5, 3.09979647397994995117e-01) (0, 2.65305012464523315430e-01) (1, -2.01492476463317871094e+00) (2, 6.17073595523834228516e-01) (3, 1.97753384709358215332e-01) (4, -3.16764652729034423828e-01) (5, 3.96039396524429321289e-01) (0, 2.89340198040008544922e-01) (1, 3.00350999832153320312e+00) (2, -1.75840365886688232422e+00) (3, 1.84994056820869445801e-01) (4, 3.61792206764221191406e-01) (5, 5.40333867073059082031e-01) (6, 1.28261971473693847656e+00) (7, 1.22030246257781982422e+00) (8, 1.26753652095794677734e+00) (9, 1.25748217105865478516e+00) (10, 1.29711163043975830078e+00) 
