FANN_FLO_2.1
num_layers=3
learning_rate=0.500000
connection_rate=1.000000
network_type=0
learning_momentum=0.000000
training_algorithm=2
train_error_function=1
train_stop_function=0
cascade_output_change_fraction=0.010000
quickprop_decay=-0.000100
quickprop_mu=1.750000
rprop_increase_factor=1.200000
rprop_decrease_factor=0.500000
rprop_delta_min=0.000000
rprop_delta_max=50.000000
rprop_delta_zero=0.100000
cascade_output_stagnation_epochs=12
cascade_candidate_change_fraction=0.010000
cascade_candidate_stagnation_epochs=12
cascade_max_out_epochs=150
cascade_min_out_epochs=50
cascade_max_cand_epochs=150
cascade_min_cand_epochs=50
cascade_num_candidate_groups=2
bit_fail_limit=3.49999994039535522461e-01
cascade_candidate_limit=1.00000000000000000000e+03
cascade_weight_multiplier=4.00000005960464477539e-01
cascade_activation_functions_count=10
cascade_activation_functions=3 5 7 8 10 11 14 15 16 17 
cascade_activation_steepnesses_count=4
cascade_activation_steepnesses=2.50000000000000000000e-01 5.00000000000000000000e-01 7.50000000000000000000e-01 1.00000000000000000000e+00 
layer_sizes=10 5 2 
scale_included=0
neurons (num_inputs, activation_function, activation_steepness)=(0, 0, 0.00000000000000000000e+00) (0, 0, 0.00000000000000000000e+00) (0, 0, 0.00000000000000000000e+00) (0, 0, 0.00000000000000000000e+00) (0, 0, 0.00000000000000000000e+00) (0, 0, 0.00000000000000000000e+00) (0, 0, 0.00000000000000000000e+00) (0, 0, 0.00000000000000000000e+00) (0, 0, 0.00000000000000000000e+00) (0, 0, 0.00000000000000000000e+00) (10, 3, 5.00000000000000000000e-01) (10, 3, 5.00000000000000000000e-01) (10, 3, 5.00000000000000000000e-01) (10, 3, 5.00000000000000000000e-01) (0, 3, 0.00000000000000000000e+00) (5, 3, 5.00000000000000000000e-01) (0, 3, 0.00000000000000000000e+00) 
connections (connected_to_neuron, weight)=(0, 2.11332798004150390625e+01) (1, -3.84442663192749023438e+00) (2, -2.12763953208923339844e+00) (3, 2.71550540924072265625e+01) (4, 1.63973414897918701172e+00) (5, -2.26825103759765625000e+01) (6, 1.17070417404174804688e+01) (7, 1.27056703567504882812e+01) (8, 1.61927461624145507812e+00) (9, -1.26510124206542968750e+01) (0, 2.86627311706542968750e+01) (1, -1.12124309539794921875e+01) (2, 8.32692980766296386719e-01) (3, 2.37516689300537109375e+01) (4, 5.39538764953613281250e+00) (5, -6.58874740600585937500e+01) (6, 1.50673027038574218750e+01) (7, 1.59346828460693359375e+01) (8, -1.74024562835693359375e+01) (9, -5.31835031509399414062e+00) (0, 1.29180707931518554688e+01) (1, -8.00798594951629638672e-01) (2, -2.15959236025810241699e-01) (3, 2.12854423522949218750e+01) (4, 1.20728814601898193359e+00) (5, -1.26729583740234375000e+01) (6, 7.86028623580932617188e+00) (7, 1.03537845611572265625e+01) (8, 2.74134111404418945312e+00) (9, -1.14792642593383789062e+01) (0, -4.70984983444213867188e+00) (1, -1.63369476795196533203e-01) (2, 3.23686313629150390625e+00) (3, -1.30022869110107421875e+01) (4, 7.62506961822509765625e-01) (5, 1.10501480102539062500e+01) (6, -6.28817892074584960938e+00) (7, -3.25423061847686767578e-01) (8, 2.92596149444580078125e+00) (9, -2.93588995933532714844e-01) (10, 1.16123461723327636719e+00) (11, 2.11768746376037597656e+00) (12, 1.10303592681884765625e+00) (13, 6.46886348724365234375e+00) (14, -2.27267837524414062500e+00) 
