FANN_FLO_2.1
num_layers=3
learning_rate=0.500000
connection_rate=1.000000
network_type=0
learning_momentum=0.000000
training_algorithm=2
train_error_function=1
train_stop_function=0
cascade_output_change_fraction=0.010000
quickprop_decay=-0.000100
quickprop_mu=1.750000
rprop_increase_factor=1.200000
rprop_decrease_factor=0.500000
rprop_delta_min=0.000000
rprop_delta_max=50.000000
rprop_delta_zero=0.100000
cascade_output_stagnation_epochs=12
cascade_candidate_change_fraction=0.010000
cascade_candidate_stagnation_epochs=12
cascade_max_out_epochs=150
cascade_min_out_epochs=50
cascade_max_cand_epochs=150
cascade_min_cand_epochs=50
cascade_num_candidate_groups=2
bit_fail_limit=3.49999994039535522461e-01
cascade_candidate_limit=1.00000000000000000000e+03
cascade_weight_multiplier=4.00000005960464477539e-01
cascade_activation_functions_count=10
cascade_activation_functions=3 5 7 8 10 11 14 15 16 17 
cascade_activation_steepnesses_count=4
cascade_activation_steepnesses=2.50000000000000000000e-01 5.00000000000000000000e-01 7.50000000000000000000e-01 1.00000000000000000000e+00 
layer_sizes=6 5 2 
scale_included=0
neurons (num_inputs, activation_function, activation_steepness)=(0, 0, 0.00000000000000000000e+00) (0, 0, 0.00000000000000000000e+00) (0, 0, 0.00000000000000000000e+00) (0, 0, 0.00000000000000000000e+00) (0, 0, 0.00000000000000000000e+00) (0, 0, 0.00000000000000000000e+00) (6, 3, 5.00000000000000000000e-01) (6, 3, 5.00000000000000000000e-01) (6, 3, 5.00000000000000000000e-01) (6, 3, 5.00000000000000000000e-01) (0, 3, 0.00000000000000000000e+00) (5, 0, 5.00000000000000000000e-01) (0, 0, 0.00000000000000000000e+00) 
connections (connected_to_neuron, weight)=(0, -2.87138503044843673706e-02) (1, 1.91150462627410888672e+00) (2, -3.52720570564270019531e+00) (3, 5.87292313575744628906e-01) (4, -2.15966075658798217773e-01) (5, 3.87859970331192016602e-01) (0, 1.29689753055572509766e+00) (1, -5.26851367950439453125e+00) (2, 7.55734384059906005859e-01) (3, 1.74705333709716796875e+01) (4, -4.05952119827270507812e+00) (5, 3.95876002311706542969e+00) (0, -5.38304373621940612793e-02) (1, -6.49474024772644042969e-01) (2, 1.70176401734352111816e-01) (3, -6.10131263732910156250e-01) (4, 1.91483736038208007812e-01) (5, 4.34991180896759033203e-01) (0, 7.75903984904289245605e-02) (1, -1.21495306491851806641e+00) (2, 3.47081780433654785156e+00) (3, -2.84355223178863525391e-01) (4, 1.65900394320487976074e-01) (5, 5.01428782939910888672e-01) (6, 1.03073287010192871094e+00) (7, 1.28053784370422363281e+00) (8, 1.03728258609771728516e+00) (9, 1.04485249519348144531e+00) (10, 1.17835426330566406250e+00) 
