FANN_FLO_2.1
num_layers=3
learning_rate=0.500000
connection_rate=1.000000
network_type=0
learning_momentum=0.000000
training_algorithm=2
train_error_function=1
train_stop_function=0
cascade_output_change_fraction=0.010000
quickprop_decay=-0.000100
quickprop_mu=1.750000
rprop_increase_factor=1.200000
rprop_decrease_factor=0.500000
rprop_delta_min=0.000000
rprop_delta_max=50.000000
rprop_delta_zero=0.100000
cascade_output_stagnation_epochs=12
cascade_candidate_change_fraction=0.010000
cascade_candidate_stagnation_epochs=12
cascade_max_out_epochs=150
cascade_min_out_epochs=50
cascade_max_cand_epochs=150
cascade_min_cand_epochs=50
cascade_num_candidate_groups=2
bit_fail_limit=3.49999994039535522461e-01
cascade_candidate_limit=1.00000000000000000000e+03
cascade_weight_multiplier=4.00000005960464477539e-01
cascade_activation_functions_count=10
cascade_activation_functions=3 5 7 8 10 11 14 15 16 17 
cascade_activation_steepnesses_count=4
cascade_activation_steepnesses=2.50000000000000000000e-01 5.00000000000000000000e-01 7.50000000000000000000e-01 1.00000000000000000000e+00 
layer_sizes=6 5 2 
scale_included=0
neurons (num_inputs, activation_function, activation_steepness)=(0, 0, 0.00000000000000000000e+00) (0, 0, 0.00000000000000000000e+00) (0, 0, 0.00000000000000000000e+00) (0, 0, 0.00000000000000000000e+00) (0, 0, 0.00000000000000000000e+00) (0, 0, 0.00000000000000000000e+00) (6, 3, 5.00000000000000000000e-01) (6, 3, 5.00000000000000000000e-01) (6, 3, 5.00000000000000000000e-01) (6, 3, 5.00000000000000000000e-01) (0, 3, 0.00000000000000000000e+00) (5, 0, 5.00000000000000000000e-01) (0, 0, 0.00000000000000000000e+00) 
connections (connected_to_neuron, weight)=(0, -3.08415666222572326660e-02) (1, 1.63375914096832275391e-01) (2, -6.15932941436767578125e-01) (3, -3.08113899081945419312e-02) (4, 4.39994856715202331543e-02) (5, 2.66612976789474487305e-01) (0, -2.87795681506395339966e-02) (1, 1.02641880512237548828e-01) (2, 2.43636339902877807617e-01) (3, -4.78599332273006439209e-02) (4, 3.03335726261138916016e-01) (5, 3.46627116203308105469e-01) (0, 1.03034234046936035156e+00) (1, -5.75747203826904296875e+00) (2, 7.37581825256347656250e+00) (3, -2.85441350936889648438e+00) (4, -1.14607572555541992188e+01) (5, 3.00818014144897460938e+00) (0, 1.34566903114318847656e+00) (1, 3.34138441085815429688e+00) (2, -2.47143101692199707031e+00) (3, 2.04202699661254882812e+00) (4, -8.35579872131347656250e+00) (5, 3.72505235671997070312e+00) (6, 1.03261864185333251953e+00) (7, 1.03222239017486572266e+00) (8, 1.06245458126068115234e+00) (9, 1.08597981929779052734e+00) (10, 1.04573488235473632812e+00) 
