FANN_FLO_2.1
num_layers=3
learning_rate=0.500000
connection_rate=1.000000
network_type=0
learning_momentum=0.000000
training_algorithm=2
train_error_function=1
train_stop_function=0
cascade_output_change_fraction=0.010000
quickprop_decay=-0.000100
quickprop_mu=1.750000
rprop_increase_factor=1.200000
rprop_decrease_factor=0.500000
rprop_delta_min=0.000000
rprop_delta_max=50.000000
rprop_delta_zero=0.100000
cascade_output_stagnation_epochs=12
cascade_candidate_change_fraction=0.010000
cascade_candidate_stagnation_epochs=12
cascade_max_out_epochs=150
cascade_min_out_epochs=50
cascade_max_cand_epochs=150
cascade_min_cand_epochs=50
cascade_num_candidate_groups=2
bit_fail_limit=3.49999994039535522461e-01
cascade_candidate_limit=1.00000000000000000000e+03
cascade_weight_multiplier=4.00000005960464477539e-01
cascade_activation_functions_count=10
cascade_activation_functions=3 5 7 8 10 11 14 15 16 17 
cascade_activation_steepnesses_count=4
cascade_activation_steepnesses=2.50000000000000000000e-01 5.00000000000000000000e-01 7.50000000000000000000e-01 1.00000000000000000000e+00 
layer_sizes=6 5 2 
scale_included=0
neurons (num_inputs, activation_function, activation_steepness)=(0, 0, 0.00000000000000000000e+00) (0, 0, 0.00000000000000000000e+00) (0, 0, 0.00000000000000000000e+00) (0, 0, 0.00000000000000000000e+00) (0, 0, 0.00000000000000000000e+00) (0, 0, 0.00000000000000000000e+00) (6, 3, 5.00000000000000000000e-01) (6, 3, 5.00000000000000000000e-01) (6, 3, 5.00000000000000000000e-01) (6, 3, 5.00000000000000000000e-01) (0, 3, 0.00000000000000000000e+00) (5, 0, 5.00000000000000000000e-01) (0, 0, 0.00000000000000000000e+00) 
connections (connected_to_neuron, weight)=(0, -1.04214631021022796631e-01) (1, -2.10315465927124023438e-01) (2, 1.26250773668289184570e-01) (3, 1.39398023486137390137e-01) (4, 1.68945923447608947754e-01) (5, 3.23972880840301513672e-01) (0, 1.59696247428655624390e-02) (1, -3.11928600072860717773e-01) (2, 1.66175052523612976074e-01) (3, -3.45324836671352386475e-02) (4, 4.68714565038681030273e-01) (5, 2.96500563621520996094e-01) (0, 1.36016690731048583984e+00) (1, 1.00246868133544921875e+01) (2, 2.60383391380310058594e+00) (3, 7.24163103103637695312e+00) (4, -1.00209913253784179688e+01) (5, 2.96431446075439453125e+00) (0, 1.29998290538787841797e+00) (1, 4.42140626907348632812e+00) (2, -9.52770233154296875000e+00) (3, -3.01098489761352539062e+00) (4, -1.44620490074157714844e+00) (5, 2.81803274154663085938e+00) (6, 9.55915629863739013672e-01) (7, 9.30374681949615478516e-01) (8, 1.08238840103149414062e+00) (9, 1.08785438537597656250e+00) (10, 1.13674092292785644531e+00) 
