FANN_FLO_2.1
num_layers=3
learning_rate=0.500000
connection_rate=1.000000
network_type=0
learning_momentum=0.000000
training_algorithm=2
train_error_function=1
train_stop_function=0
cascade_output_change_fraction=0.010000
quickprop_decay=-0.000100
quickprop_mu=1.750000
rprop_increase_factor=1.200000
rprop_decrease_factor=0.500000
rprop_delta_min=0.000000
rprop_delta_max=50.000000
rprop_delta_zero=0.100000
cascade_output_stagnation_epochs=12
cascade_candidate_change_fraction=0.010000
cascade_candidate_stagnation_epochs=12
cascade_max_out_epochs=150
cascade_min_out_epochs=50
cascade_max_cand_epochs=150
cascade_min_cand_epochs=50
cascade_num_candidate_groups=2
bit_fail_limit=3.49999994039535522461e-01
cascade_candidate_limit=1.00000000000000000000e+03
cascade_weight_multiplier=4.00000005960464477539e-01
cascade_activation_functions_count=10
cascade_activation_functions=3 5 7 8 10 11 14 15 16 17 
cascade_activation_steepnesses_count=4
cascade_activation_steepnesses=2.50000000000000000000e-01 5.00000000000000000000e-01 7.50000000000000000000e-01 1.00000000000000000000e+00 
layer_sizes=6 5 2 
scale_included=0
neurons (num_inputs, activation_function, activation_steepness)=(0, 0, 0.00000000000000000000e+00) (0, 0, 0.00000000000000000000e+00) (0, 0, 0.00000000000000000000e+00) (0, 0, 0.00000000000000000000e+00) (0, 0, 0.00000000000000000000e+00) (0, 0, 0.00000000000000000000e+00) (6, 3, 5.00000000000000000000e-01) (6, 3, 5.00000000000000000000e-01) (6, 3, 5.00000000000000000000e-01) (6, 3, 5.00000000000000000000e-01) (0, 3, 0.00000000000000000000e+00) (5, 0, 5.00000000000000000000e-01) (0, 0, 0.00000000000000000000e+00) 
connections (connected_to_neuron, weight)=(0, 1.07810521125793457031e+00) (1, -5.86358308792114257812e-01) (2, 7.16165876388549804688e+00) (3, -5.04872858524322509766e-01) (4, -1.39100360870361328125e+00) (5, 1.85052442550659179688e+00) (0, 1.06572151184082031250e+00) (1, 3.21363878250122070312e+00) (2, 4.52195763587951660156e-01) (3, -5.71348953247070312500e+00) (4, 6.25948286056518554688e+00) (5, 1.76759731769561767578e+00) (0, -3.99297833442687988281e-01) (1, -6.96296155452728271484e-01) (2, -1.57120600342750549316e-01) (3, -3.94621230661869049072e-02) (4, -6.39684259891510009766e-01) (5, 1.91549286246299743652e-01) (0, 1.00581657886505126953e+00) (1, 2.93311405181884765625e+00) (2, -5.89436769485473632812e+00) (3, 5.23637342453002929688e+00) (4, -1.56565040349960327148e-01) (5, 1.90554153919219970703e+00) (6, 1.05085194110870361328e+00) (7, 1.02658832073211669922e+00) (8, 9.12303864955902099609e-01) (9, 1.03643596172332763672e+00) (10, 9.74810004234313964844e-01) 
