FANN_FLO_2.1
num_layers=3
learning_rate=0.500000
connection_rate=1.000000
network_type=0
learning_momentum=0.000000
training_algorithm=2
train_error_function=1
train_stop_function=0
cascade_output_change_fraction=0.010000
quickprop_decay=-0.000100
quickprop_mu=1.750000
rprop_increase_factor=1.200000
rprop_decrease_factor=0.500000
rprop_delta_min=0.000000
rprop_delta_max=50.000000
rprop_delta_zero=0.100000
cascade_output_stagnation_epochs=12
cascade_candidate_change_fraction=0.010000
cascade_candidate_stagnation_epochs=12
cascade_max_out_epochs=150
cascade_min_out_epochs=50
cascade_max_cand_epochs=150
cascade_min_cand_epochs=50
cascade_num_candidate_groups=2
bit_fail_limit=3.49999994039535522461e-01
cascade_candidate_limit=1.00000000000000000000e+03
cascade_weight_multiplier=4.00000005960464477539e-01
cascade_activation_functions_count=10
cascade_activation_functions=3 5 7 8 10 11 14 15 16 17 
cascade_activation_steepnesses_count=4
cascade_activation_steepnesses=2.50000000000000000000e-01 5.00000000000000000000e-01 7.50000000000000000000e-01 1.00000000000000000000e+00 
layer_sizes=10 5 2 
scale_included=0
neurons (num_inputs, activation_function, activation_steepness)=(0, 0, 0.00000000000000000000e+00) (0, 0, 0.00000000000000000000e+00) (0, 0, 0.00000000000000000000e+00) (0, 0, 0.00000000000000000000e+00) (0, 0, 0.00000000000000000000e+00) (0, 0, 0.00000000000000000000e+00) (0, 0, 0.00000000000000000000e+00) (0, 0, 0.00000000000000000000e+00) (0, 0, 0.00000000000000000000e+00) (0, 0, 0.00000000000000000000e+00) (10, 3, 5.00000000000000000000e-01) (10, 3, 5.00000000000000000000e-01) (10, 3, 5.00000000000000000000e-01) (10, 3, 5.00000000000000000000e-01) (0, 3, 0.00000000000000000000e+00) (5, 3, 5.00000000000000000000e-01) (0, 3, 0.00000000000000000000e+00) 
connections (connected_to_neuron, weight)=(0, 9.16037273406982421875e+00) (1, 1.05414593219757080078e+00) (2, 2.74379205703735351562e+00) (3, 7.43465757369995117188e+00) (4, -6.69306898117065429688e+00) (5, 1.33282308578491210938e+01) (6, 1.91000521183013916016e+00) (7, -1.29953134059906005859e+00) (8, -2.33010530471801757812e+00) (9, -7.62972068786621093750e+00) (0, 1.00766534805297851562e+01) (1, 4.22212457656860351562e+00) (2, -5.56547069549560546875e+00) (3, 1.01992025375366210938e+01) (4, 3.77098298072814941406e+00) (5, -1.60207328796386718750e+01) (6, 5.00736999511718750000e+00) (7, -4.80212259292602539062e+00) (8, -1.11265144348144531250e+01) (9, -1.20865833759307861328e+00) (0, -9.64630985260009765625e+00) (1, -1.84373092651367187500e+01) (2, -2.73872494697570800781e+00) (3, -5.65576362609863281250e+00) (4, 1.02683663368225097656e+00) (5, 3.93469750881195068359e-01) (6, 3.65944051742553710938e+00) (7, 1.45870294570922851562e+01) (8, 1.41173191070556640625e+01) (9, -2.27682590484619140625e+00) (0, -5.36038815975189208984e-01) (1, 2.42762298583984375000e+01) (2, 2.24832000732421875000e+01) (3, -2.98974437713623046875e+01) (4, 8.71007323265075683594e-01) (5, 2.43209514617919921875e+01) (6, -2.33366355895996093750e+01) (7, -2.72047176361083984375e+01) (8, 1.94596552848815917969e+00) (9, -5.14293336868286132812e+00) (10, 1.61213135719299316406e+00) (11, 3.84998536109924316406e+00) (12, 4.10521745681762695312e+00) (13, 3.98360157012939453125e+00) (14, -2.52311944961547851562e+00) 
