FANN_FLO_2.1
num_layers=3
learning_rate=0.500000
connection_rate=1.000000
network_type=0
learning_momentum=0.000000
training_algorithm=2
train_error_function=1
train_stop_function=0
cascade_output_change_fraction=0.010000
quickprop_decay=-0.000100
quickprop_mu=1.750000
rprop_increase_factor=1.200000
rprop_decrease_factor=0.500000
rprop_delta_min=0.000000
rprop_delta_max=50.000000
rprop_delta_zero=0.100000
cascade_output_stagnation_epochs=12
cascade_candidate_change_fraction=0.010000
cascade_candidate_stagnation_epochs=12
cascade_max_out_epochs=150
cascade_min_out_epochs=50
cascade_max_cand_epochs=150
cascade_min_cand_epochs=50
cascade_num_candidate_groups=2
bit_fail_limit=3.49999994039535522461e-01
cascade_candidate_limit=1.00000000000000000000e+03
cascade_weight_multiplier=4.00000005960464477539e-01
cascade_activation_functions_count=10
cascade_activation_functions=3 5 7 8 10 11 14 15 16 17 
cascade_activation_steepnesses_count=4
cascade_activation_steepnesses=2.50000000000000000000e-01 5.00000000000000000000e-01 7.50000000000000000000e-01 1.00000000000000000000e+00 
layer_sizes=6 5 2 
scale_included=0
neurons (num_inputs, activation_function, activation_steepness)=(0, 0, 0.00000000000000000000e+00) (0, 0, 0.00000000000000000000e+00) (0, 0, 0.00000000000000000000e+00) (0, 0, 0.00000000000000000000e+00) (0, 0, 0.00000000000000000000e+00) (0, 0, 0.00000000000000000000e+00) (6, 3, 5.00000000000000000000e-01) (6, 3, 5.00000000000000000000e-01) (6, 3, 5.00000000000000000000e-01) (6, 3, 5.00000000000000000000e-01) (0, 3, 0.00000000000000000000e+00) (5, 0, 5.00000000000000000000e-01) (0, 0, 0.00000000000000000000e+00) 
connections (connected_to_neuron, weight)=(0, -5.85549930110573768616e-03) (1, -5.42113244533538818359e-01) (2, 1.25191107392311096191e-01) (3, 1.32639968395233154297e+00) (4, 1.98872491717338562012e-01) (5, 3.93568456172943115234e-01) (0, 9.66504514217376708984e-01) (1, -2.32015361785888671875e+01) (2, 9.62645769119262695312e-01) (3, -1.24518594741821289062e+01) (4, -7.09106624126434326172e-01) (5, 5.55928611755371093750e+00) (0, -1.33298570290207862854e-02) (1, 6.93382084369659423828e-01) (2, -1.48285120725631713867e-01) (3, -1.25164318084716796875e+00) (4, -5.41709363460540771484e-01) (5, 2.72962749004364013672e-01) (0, 1.04705500602722167969e+00) (1, -5.49320983886718750000e+00) (2, -2.68010497093200683594e-01) (3, 1.16549201309680938721e-01) (4, -7.57885947823524475098e-02) (5, 1.02277345657348632812e+01) (6, 9.41863834857940673828e-01) (7, 1.05931842327117919922e+00) (8, 9.54501688480377197266e-01) (9, 1.06438946723937988281e+00) (10, 1.12205564975738525391e+00) 
