FANN_FLO_2.1
num_layers=3
learning_rate=0.500000
connection_rate=1.000000
network_type=0
learning_momentum=0.000000
training_algorithm=2
train_error_function=1
train_stop_function=0
cascade_output_change_fraction=0.010000
quickprop_decay=-0.000100
quickprop_mu=1.750000
rprop_increase_factor=1.200000
rprop_decrease_factor=0.500000
rprop_delta_min=0.000000
rprop_delta_max=50.000000
rprop_delta_zero=0.100000
cascade_output_stagnation_epochs=12
cascade_candidate_change_fraction=0.010000
cascade_candidate_stagnation_epochs=12
cascade_max_out_epochs=150
cascade_min_out_epochs=50
cascade_max_cand_epochs=150
cascade_min_cand_epochs=50
cascade_num_candidate_groups=2
bit_fail_limit=3.49999994039535522461e-01
cascade_candidate_limit=1.00000000000000000000e+03
cascade_weight_multiplier=4.00000005960464477539e-01
cascade_activation_functions_count=10
cascade_activation_functions=3 5 7 8 10 11 14 15 16 17 
cascade_activation_steepnesses_count=4
cascade_activation_steepnesses=2.50000000000000000000e-01 5.00000000000000000000e-01 7.50000000000000000000e-01 1.00000000000000000000e+00 
layer_sizes=6 5 2 
scale_included=0
neurons (num_inputs, activation_function, activation_steepness)=(0, 0, 0.00000000000000000000e+00) (0, 0, 0.00000000000000000000e+00) (0, 0, 0.00000000000000000000e+00) (0, 0, 0.00000000000000000000e+00) (0, 0, 0.00000000000000000000e+00) (0, 0, 0.00000000000000000000e+00) (6, 3, 5.00000000000000000000e-01) (6, 3, 5.00000000000000000000e-01) (6, 3, 5.00000000000000000000e-01) (6, 3, 5.00000000000000000000e-01) (0, 3, 0.00000000000000000000e+00) (5, 0, 5.00000000000000000000e-01) (0, 0, 0.00000000000000000000e+00) 
connections (connected_to_neuron, weight)=(0, 7.09338486194610595703e-03) (1, -2.04032704234123229980e-01) (2, 2.78234183788299560547e-01) (3, 2.94812172651290893555e-01) (4, -5.37443339824676513672e-01) (5, 2.80913829803466796875e-01) (0, -1.55040640383958816528e-02) (1, -1.16746999323368072510e-01) (2, 3.37512433528900146484e-01) (3, -1.60381600260734558105e-01) (4, 4.89783994853496551514e-02) (5, 4.02925223112106323242e-01) (0, 1.79874375462532043457e-02) (1, 2.89640569686889648438e+00) (2, -7.04583311080932617188e+00) (3, 2.04233717918395996094e+00) (4, 1.37416529655456542969e+00) (5, 3.82090687751770019531e+00) (0, -2.12786216288805007935e-02) (1, -1.39746710658073425293e-01) (2, 2.13312223553657531738e-01) (3, -3.45374941825866699219e-01) (4, 3.91597688198089599609e-01) (5, 3.85780483484268188477e-01) (6, 1.00763964653015136719e+00) (7, 1.09738218784332275391e+00) (8, 1.19587850570678710938e+00) (9, 1.06827509403228759766e+00) (10, 1.31891429424285888672e+00) 
