FANN_FLO_2.1
num_layers=3
learning_rate=0.500000
connection_rate=1.000000
network_type=0
learning_momentum=0.000000
training_algorithm=2
train_error_function=1
train_stop_function=0
cascade_output_change_fraction=0.010000
quickprop_decay=-0.000100
quickprop_mu=1.750000
rprop_increase_factor=1.200000
rprop_decrease_factor=0.500000
rprop_delta_min=0.000000
rprop_delta_max=50.000000
rprop_delta_zero=0.100000
cascade_output_stagnation_epochs=12
cascade_candidate_change_fraction=0.010000
cascade_candidate_stagnation_epochs=12
cascade_max_out_epochs=150
cascade_min_out_epochs=50
cascade_max_cand_epochs=150
cascade_min_cand_epochs=50
cascade_num_candidate_groups=2
bit_fail_limit=3.49999994039535522461e-01
cascade_candidate_limit=1.00000000000000000000e+03
cascade_weight_multiplier=4.00000005960464477539e-01
cascade_activation_functions_count=10
cascade_activation_functions=3 5 7 8 10 11 14 15 16 17 
cascade_activation_steepnesses_count=4
cascade_activation_steepnesses=2.50000000000000000000e-01 5.00000000000000000000e-01 7.50000000000000000000e-01 1.00000000000000000000e+00 
layer_sizes=10 5 2 
scale_included=0
neurons (num_inputs, activation_function, activation_steepness)=(0, 0, 0.00000000000000000000e+00) (0, 0, 0.00000000000000000000e+00) (0, 0, 0.00000000000000000000e+00) (0, 0, 0.00000000000000000000e+00) (0, 0, 0.00000000000000000000e+00) (0, 0, 0.00000000000000000000e+00) (0, 0, 0.00000000000000000000e+00) (0, 0, 0.00000000000000000000e+00) (0, 0, 0.00000000000000000000e+00) (0, 0, 0.00000000000000000000e+00) (10, 3, 5.00000000000000000000e-01) (10, 3, 5.00000000000000000000e-01) (10, 3, 5.00000000000000000000e-01) (10, 3, 5.00000000000000000000e-01) (0, 3, 0.00000000000000000000e+00) (5, 3, 5.00000000000000000000e-01) (0, 3, 0.00000000000000000000e+00) 
connections (connected_to_neuron, weight)=(0, -1.02822322845458984375e+01) (1, 2.04468965530395507812e+00) (2, 7.63540649414062500000e+00) (3, -2.11642456054687500000e+01) (4, 2.58651566505432128906e+00) (5, 2.50200920104980468750e+01) (6, -7.71532487869262695312e+00) (7, 2.17340946197509765625e+00) (8, 8.47903156280517578125e+00) (9, -7.18728542327880859375e-01) (0, -1.14485998153686523438e+01) (1, -4.11659836769104003906e-01) (2, 1.05201034545898437500e+01) (3, -3.35493507385253906250e+01) (4, -3.55692768096923828125e+00) (5, 2.50405044555664062500e+01) (6, -1.45680112838745117188e+01) (7, 2.70089864730834960938e+00) (8, 2.00526828765869140625e+01) (9, -2.89804840087890625000e+00) (0, 7.56702026367187500000e+02) (1, -1.78700351715087890625e+00) (2, 7.95174255371093750000e+02) (3, 1.56789417266845703125e+01) (4, 1.01885571289062500000e+03) (5, -4.24892343580722808838e-02) (6, 2.11903121948242187500e+02) (7, 1.53374314308166503906e+00) (8, 9.00150108337402343750e+00) (9, -4.22488737106323242188e+00) (0, -8.57657623291015625000e+00) (1, 1.17450933456420898438e+01) (2, 5.50616073608398437500e+00) (3, 1.70519828796386718750e+01) (4, 2.76414251327514648438e+00) (5, -1.01491689682006835938e+00) (6, -3.15177416801452636719e+00) (7, 8.50130367279052734375e+00) (8, 4.31343030929565429688e+00) (9, -1.10486650466918945312e+01) (10, -2.87318444252014160156e+00) (11, 3.08616590499877929688e+00) (12, 8.53909492492675781250e-01) (13, 1.69093728065490722656e+00) (14, 3.57886672019958496094e-01) 
