FANN_FLO_2.1
num_layers=3
learning_rate=0.500000
connection_rate=1.000000
network_type=0
learning_momentum=0.000000
training_algorithm=2
train_error_function=1
train_stop_function=0
cascade_output_change_fraction=0.010000
quickprop_decay=-0.000100
quickprop_mu=1.750000
rprop_increase_factor=1.200000
rprop_decrease_factor=0.500000
rprop_delta_min=0.000000
rprop_delta_max=50.000000
rprop_delta_zero=0.100000
cascade_output_stagnation_epochs=12
cascade_candidate_change_fraction=0.010000
cascade_candidate_stagnation_epochs=12
cascade_max_out_epochs=150
cascade_min_out_epochs=50
cascade_max_cand_epochs=150
cascade_min_cand_epochs=50
cascade_num_candidate_groups=2
bit_fail_limit=3.49999994039535522461e-01
cascade_candidate_limit=1.00000000000000000000e+03
cascade_weight_multiplier=4.00000005960464477539e-01
cascade_activation_functions_count=10
cascade_activation_functions=3 5 7 8 10 11 14 15 16 17 
cascade_activation_steepnesses_count=4
cascade_activation_steepnesses=2.50000000000000000000e-01 5.00000000000000000000e-01 7.50000000000000000000e-01 1.00000000000000000000e+00 
layer_sizes=6 5 2 
scale_included=0
neurons (num_inputs, activation_function, activation_steepness)=(0, 0, 0.00000000000000000000e+00) (0, 0, 0.00000000000000000000e+00) (0, 0, 0.00000000000000000000e+00) (0, 0, 0.00000000000000000000e+00) (0, 0, 0.00000000000000000000e+00) (0, 0, 0.00000000000000000000e+00) (6, 3, 5.00000000000000000000e-01) (6, 3, 5.00000000000000000000e-01) (6, 3, 5.00000000000000000000e-01) (6, 3, 5.00000000000000000000e-01) (0, 3, 0.00000000000000000000e+00) (5, 0, 5.00000000000000000000e-01) (0, 0, 0.00000000000000000000e+00) 
connections (connected_to_neuron, weight)=(0, -3.91917705535888671875e-01) (1, -2.97605246305465698242e-01) (2, -5.85339128971099853516e-01) (3, -4.72893208265304565430e-01) (4, -3.87823171913623809814e-02) (5, 1.54332146048545837402e-01) (0, 1.02934706211090087891e+00) (1, -5.70014381408691406250e+00) (2, 4.79126024246215820312e+00) (3, -6.32656931877136230469e-01) (4, 2.10929250717163085938e+00) (5, 1.82717514038085937500e+00) (0, 1.11829090118408203125e+00) (1, 5.34036970138549804688e+00) (2, 4.62068223953247070312e+00) (3, 2.31281304359436035156e+00) (4, -5.66493940353393554688e+00) (5, 1.84450018405914306641e+00) (0, 1.03015983104705810547e+00) (1, 2.96876621246337890625e+00) (2, -4.60504341125488281250e+00) (3, 4.89543348550796508789e-01) (4, 2.80533957481384277344e+00) (5, 1.79554021358489990234e+00) (6, 9.20656323432922363281e-01) (7, 9.90424811840057373047e-01) (8, 1.06431233882904052734e+00) (9, 9.99058485031127929688e-01) (10, 1.03597104549407958984e+00) 
