FANN_FLO_2.1
num_layers=3
learning_rate=0.500000
connection_rate=1.000000
network_type=0
learning_momentum=0.000000
training_algorithm=2
train_error_function=1
train_stop_function=0
cascade_output_change_fraction=0.010000
quickprop_decay=-0.000100
quickprop_mu=1.750000
rprop_increase_factor=1.200000
rprop_decrease_factor=0.500000
rprop_delta_min=0.000000
rprop_delta_max=50.000000
rprop_delta_zero=0.100000
cascade_output_stagnation_epochs=12
cascade_candidate_change_fraction=0.010000
cascade_candidate_stagnation_epochs=12
cascade_max_out_epochs=150
cascade_min_out_epochs=50
cascade_max_cand_epochs=150
cascade_min_cand_epochs=50
cascade_num_candidate_groups=2
bit_fail_limit=3.49999994039535522461e-01
cascade_candidate_limit=1.00000000000000000000e+03
cascade_weight_multiplier=4.00000005960464477539e-01
cascade_activation_functions_count=10
cascade_activation_functions=3 5 7 8 10 11 14 15 16 17 
cascade_activation_steepnesses_count=4
cascade_activation_steepnesses=2.50000000000000000000e-01 5.00000000000000000000e-01 7.50000000000000000000e-01 1.00000000000000000000e+00 
layer_sizes=10 5 2 
scale_included=0
neurons (num_inputs, activation_function, activation_steepness)=(0, 0, 0.00000000000000000000e+00) (0, 0, 0.00000000000000000000e+00) (0, 0, 0.00000000000000000000e+00) (0, 0, 0.00000000000000000000e+00) (0, 0, 0.00000000000000000000e+00) (0, 0, 0.00000000000000000000e+00) (0, 0, 0.00000000000000000000e+00) (0, 0, 0.00000000000000000000e+00) (0, 0, 0.00000000000000000000e+00) (0, 0, 0.00000000000000000000e+00) (10, 3, 5.00000000000000000000e-01) (10, 3, 5.00000000000000000000e-01) (10, 3, 5.00000000000000000000e-01) (10, 3, 5.00000000000000000000e-01) (0, 3, 0.00000000000000000000e+00) (5, 3, 5.00000000000000000000e-01) (0, 3, 0.00000000000000000000e+00) 
connections (connected_to_neuron, weight)=(0, -1.42322301864624023438e+00) (1, 6.99533939361572265625e+00) (2, -5.94319820404052734375e+00) (3, 5.86079478263854980469e-01) (4, 1.78813087940216064453e+00) (5, -5.18796503543853759766e-01) (6, -3.96691751480102539062e+00) (7, 2.01021075248718261719e+00) (8, 2.90266466140747070312e+00) (9, -3.69206666946411132812e+00) (0, 7.69145917892456054688e+00) (1, 3.90648794174194335938e+00) (2, -7.27869796752929687500e+00) (3, 1.80262546539306640625e+01) (4, -9.99097585678100585938e-01) (5, -1.72684116363525390625e+01) (6, 3.18421983718872070312e+00) (7, -1.75366330146789550781e+00) (8, -7.38656711578369140625e+00) (9, -2.58385133743286132812e+00) (0, -9.12140083312988281250e+00) (1, 2.86061573028564453125e+00) (2, 3.06086230278015136719e+00) (3, -1.33470420837402343750e+01) (4, -1.55150139331817626953e+00) (5, 1.61181163787841796875e+01) (6, -9.81521224975585937500e+00) (7, 5.54106533527374267578e-01) (8, 8.32766914367675781250e+00) (9, -1.53332161903381347656e+00) (0, -7.29766750335693359375e+00) (1, 1.69245738983154296875e+01) (2, -1.07419455051422119141e+00) (3, -9.99187901616096496582e-02) (4, 6.13040477037429809570e-02) (5, -2.80654168128967285156e+00) (6, 7.15932655334472656250e+00) (7, 7.46565198898315429688e+00) (8, 9.79614377021789550781e-01) (9, -6.21726751327514648438e+00) (10, -2.76572370529174804688e+00) (11, 4.49519014358520507812e+00) (12, 3.59435820579528808594e+00) (13, 1.72917652130126953125e+00) (14, -1.53420209884643554688e+00) 
