FANN_FLO_2.1
num_layers=3
learning_rate=0.500000
connection_rate=1.000000
network_type=0
learning_momentum=0.000000
training_algorithm=2
train_error_function=1
train_stop_function=0
cascade_output_change_fraction=0.010000
quickprop_decay=-0.000100
quickprop_mu=1.750000
rprop_increase_factor=1.200000
rprop_decrease_factor=0.500000
rprop_delta_min=0.000000
rprop_delta_max=50.000000
rprop_delta_zero=0.100000
cascade_output_stagnation_epochs=12
cascade_candidate_change_fraction=0.010000
cascade_candidate_stagnation_epochs=12
cascade_max_out_epochs=150
cascade_min_out_epochs=50
cascade_max_cand_epochs=150
cascade_min_cand_epochs=50
cascade_num_candidate_groups=2
bit_fail_limit=3.49999994039535522461e-01
cascade_candidate_limit=1.00000000000000000000e+03
cascade_weight_multiplier=4.00000005960464477539e-01
cascade_activation_functions_count=10
cascade_activation_functions=3 5 7 8 10 11 14 15 16 17 
cascade_activation_steepnesses_count=4
cascade_activation_steepnesses=2.50000000000000000000e-01 5.00000000000000000000e-01 7.50000000000000000000e-01 1.00000000000000000000e+00 
layer_sizes=10 3 2 
scale_included=0
neurons (num_inputs, activation_function, activation_steepness)=(0, 0, 0.00000000000000000000e+00) (0, 0, 0.00000000000000000000e+00) (0, 0, 0.00000000000000000000e+00) (0, 0, 0.00000000000000000000e+00) (0, 0, 0.00000000000000000000e+00) (0, 0, 0.00000000000000000000e+00) (0, 0, 0.00000000000000000000e+00) (0, 0, 0.00000000000000000000e+00) (0, 0, 0.00000000000000000000e+00) (0, 0, 0.00000000000000000000e+00) (10, 3, 5.00000000000000000000e-01) (10, 3, 5.00000000000000000000e-01) (0, 3, 0.00000000000000000000e+00) (3, 3, 5.00000000000000000000e-01) (0, 3, 0.00000000000000000000e+00) 
connections (connected_to_neuron, weight)=(0, 4.84802865982055664062e+00) (1, 1.11571817398071289062e+01) (2, 3.55178761482238769531e+00) (3, 2.08428878784179687500e+01) (4, -2.14404850006103515625e+01) (5, 1.39475297927856445312e+01) (6, 1.45405089855194091797e+00) (7, -4.04943752288818359375e+00) (8, 1.46436052322387695312e+01) (9, -1.36433248519897460938e+01) (0, -1.29676628112792968750e+01) (1, 2.81294364929199218750e+01) (2, 1.85050928592681884766e+00) (3, 2.25632119178771972656e+00) (4, 4.34868574142456054688e+00) (5, -1.07823400497436523438e+01) (6, 2.42258262634277343750e+00) (7, 1.37880544662475585938e+01) (8, 3.69437551498413085938e+00) (9, -1.03500299453735351562e+01) (10, 1.18180561065673828125e+00) (11, 8.05404484272003173828e-01) (12, -5.35239279270172119141e-01) 
