FANN_FLO_2.1
num_layers=3
learning_rate=0.500000
connection_rate=1.000000
network_type=0
learning_momentum=0.000000
training_algorithm=2
train_error_function=1
train_stop_function=0
cascade_output_change_fraction=0.010000
quickprop_decay=-0.000100
quickprop_mu=1.750000
rprop_increase_factor=1.200000
rprop_decrease_factor=0.500000
rprop_delta_min=0.000000
rprop_delta_max=50.000000
rprop_delta_zero=0.100000
cascade_output_stagnation_epochs=12
cascade_candidate_change_fraction=0.010000
cascade_candidate_stagnation_epochs=12
cascade_max_out_epochs=150
cascade_min_out_epochs=50
cascade_max_cand_epochs=150
cascade_min_cand_epochs=50
cascade_num_candidate_groups=2
bit_fail_limit=3.49999994039535522461e-01
cascade_candidate_limit=1.00000000000000000000e+03
cascade_weight_multiplier=4.00000005960464477539e-01
cascade_activation_functions_count=10
cascade_activation_functions=3 5 7 8 10 11 14 15 16 17 
cascade_activation_steepnesses_count=4
cascade_activation_steepnesses=2.50000000000000000000e-01 5.00000000000000000000e-01 7.50000000000000000000e-01 1.00000000000000000000e+00 
layer_sizes=10 3 2 
scale_included=0
neurons (num_inputs, activation_function, activation_steepness)=(0, 0, 0.00000000000000000000e+00) (0, 0, 0.00000000000000000000e+00) (0, 0, 0.00000000000000000000e+00) (0, 0, 0.00000000000000000000e+00) (0, 0, 0.00000000000000000000e+00) (0, 0, 0.00000000000000000000e+00) (0, 0, 0.00000000000000000000e+00) (0, 0, 0.00000000000000000000e+00) (0, 0, 0.00000000000000000000e+00) (0, 0, 0.00000000000000000000e+00) (10, 3, 5.00000000000000000000e-01) (10, 3, 5.00000000000000000000e-01) (0, 3, 0.00000000000000000000e+00) (3, 3, 5.00000000000000000000e-01) (0, 3, 0.00000000000000000000e+00) 
connections (connected_to_neuron, weight)=(0, -3.63642525672912597656e+00) (1, -2.85075902938842773438e+00) (2, -7.55551195144653320312e+00) (3, 8.52509784698486328125e+00) (4, -1.39797389507293701172e+00) (5, 4.36302947998046875000e+00) (6, 8.62014666199684143066e-02) (7, 1.21503772735595703125e+01) (8, 1.23639736175537109375e+01) (9, -6.43509912490844726562e+00) (0, 5.04592227935791015625e+00) (1, 5.95249938964843750000e+00) (2, 5.37349605560302734375e+00) (3, 6.21784925460815429688e-01) (4, 1.48139104247093200684e-01) (5, -2.32335853576660156250e+00) (6, -2.05158448219299316406e+00) (7, -1.43225946426391601562e+01) (8, -5.45746898651123046875e+00) (9, -8.28081190586090087891e-01) (10, 3.40241336822509765625e+00) (11, 8.83928108215332031250e+00) (12, -2.09299898147583007812e+00) 
