FANN_FLO_2.1
num_layers=3
learning_rate=0.500000
connection_rate=1.000000
network_type=0
learning_momentum=0.000000
training_algorithm=2
train_error_function=1
train_stop_function=0
cascade_output_change_fraction=0.010000
quickprop_decay=-0.000100
quickprop_mu=1.750000
rprop_increase_factor=1.200000
rprop_decrease_factor=0.500000
rprop_delta_min=0.000000
rprop_delta_max=50.000000
rprop_delta_zero=0.100000
cascade_output_stagnation_epochs=12
cascade_candidate_change_fraction=0.010000
cascade_candidate_stagnation_epochs=12
cascade_max_out_epochs=150
cascade_min_out_epochs=50
cascade_max_cand_epochs=150
cascade_min_cand_epochs=50
cascade_num_candidate_groups=2
bit_fail_limit=3.49999994039535522461e-01
cascade_candidate_limit=1.00000000000000000000e+03
cascade_weight_multiplier=4.00000005960464477539e-01
cascade_activation_functions_count=10
cascade_activation_functions=3 5 7 8 10 11 14 15 16 17 
cascade_activation_steepnesses_count=4
cascade_activation_steepnesses=2.50000000000000000000e-01 5.00000000000000000000e-01 7.50000000000000000000e-01 1.00000000000000000000e+00 
layer_sizes=10 5 2 
scale_included=0
neurons (num_inputs, activation_function, activation_steepness)=(0, 0, 0.00000000000000000000e+00) (0, 0, 0.00000000000000000000e+00) (0, 0, 0.00000000000000000000e+00) (0, 0, 0.00000000000000000000e+00) (0, 0, 0.00000000000000000000e+00) (0, 0, 0.00000000000000000000e+00) (0, 0, 0.00000000000000000000e+00) (0, 0, 0.00000000000000000000e+00) (0, 0, 0.00000000000000000000e+00) (0, 0, 0.00000000000000000000e+00) (10, 3, 5.00000000000000000000e-01) (10, 3, 5.00000000000000000000e-01) (10, 3, 5.00000000000000000000e-01) (10, 3, 5.00000000000000000000e-01) (0, 3, 0.00000000000000000000e+00) (5, 3, 5.00000000000000000000e-01) (0, 3, 0.00000000000000000000e+00) 
connections (connected_to_neuron, weight)=(0, -1.34990286827087402344e+00) (1, -9.99902526855468750000e+02) (2, -1.49100000000000000000e+03) (3, 3.51390380859375000000e+02) (4, -1.98289375305175781250e+01) (5, -1.36294213867187500000e+03) (6, 1.32365759277343750000e+03) (7, 1.48510644531250000000e+03) (8, -2.63642044067382812500e+01) (9, -1.38166558742523193359e+00) (0, 2.19354942440986633301e-01) (1, -7.81009864807128906250e+00) (2, -1.45225772857666015625e+01) (3, 1.13207139968872070312e+01) (4, 8.67986321449279785156e-01) (5, -5.56229686737060546875e+00) (6, 1.07899971008300781250e+01) (7, 1.14054670333862304688e+01) (8, -1.83698415756225585938e+00) (9, 1.84311807155609130859e+00) (0, 4.46165275573730468750e+00) (1, 5.01367807388305664062e+00) (2, -1.50000000000000000000e+03) (3, 1.50000000000000000000e+03) (4, 1.69358692169189453125e+01) (5, 3.56554776430130004883e-01) (6, 1.47842114257812500000e+03) (7, 1.49464184570312500000e+03) (8, -1.58829593658447265625e+00) (9, 1.92486465454101562500e+02) (0, 2.74635720252990722656e+00) (1, -1.06526434421539306641e-01) (2, -1.56418447494506835938e+01) (3, 2.04637565612792968750e+01) (4, 6.48791360855102539062e+00) (5, 8.20613861083984375000e+00) (6, 5.06720590591430664062e+00) (7, 3.74703073501586914062e+00) (8, -3.98590743541717529297e-01) (9, -8.61901283264160156250e+00) (10, 1.67601704597473144531e+00) (11, -4.31603717803955078125e+00) (12, 2.28380894660949707031e+00) (13, 2.17380142211914062500e+00) (14, 3.16937744617462158203e-01) 
