FANN_FLO_2.1
num_layers=3
learning_rate=0.500000
connection_rate=1.000000
network_type=0
learning_momentum=0.000000
training_algorithm=2
train_error_function=1
train_stop_function=0
cascade_output_change_fraction=0.010000
quickprop_decay=-0.000100
quickprop_mu=1.750000
rprop_increase_factor=1.200000
rprop_decrease_factor=0.500000
rprop_delta_min=0.000000
rprop_delta_max=50.000000
rprop_delta_zero=0.100000
cascade_output_stagnation_epochs=12
cascade_candidate_change_fraction=0.010000
cascade_candidate_stagnation_epochs=12
cascade_max_out_epochs=150
cascade_min_out_epochs=50
cascade_max_cand_epochs=150
cascade_min_cand_epochs=50
cascade_num_candidate_groups=2
bit_fail_limit=3.49999994039535522461e-01
cascade_candidate_limit=1.00000000000000000000e+03
cascade_weight_multiplier=4.00000005960464477539e-01
cascade_activation_functions_count=10
cascade_activation_functions=3 5 7 8 10 11 14 15 16 17 
cascade_activation_steepnesses_count=4
cascade_activation_steepnesses=2.50000000000000000000e-01 5.00000000000000000000e-01 7.50000000000000000000e-01 1.00000000000000000000e+00 
layer_sizes=10 3 2 
scale_included=0
neurons (num_inputs, activation_function, activation_steepness)=(0, 0, 0.00000000000000000000e+00) (0, 0, 0.00000000000000000000e+00) (0, 0, 0.00000000000000000000e+00) (0, 0, 0.00000000000000000000e+00) (0, 0, 0.00000000000000000000e+00) (0, 0, 0.00000000000000000000e+00) (0, 0, 0.00000000000000000000e+00) (0, 0, 0.00000000000000000000e+00) (0, 0, 0.00000000000000000000e+00) (0, 0, 0.00000000000000000000e+00) (10, 3, 5.00000000000000000000e-01) (10, 3, 5.00000000000000000000e-01) (0, 3, 0.00000000000000000000e+00) (3, 3, 5.00000000000000000000e-01) (0, 3, 0.00000000000000000000e+00) 
connections (connected_to_neuron, weight)=(0, -1.21993713378906250000e+01) (1, 5.21395349502563476562e+00) (2, 1.94128932952880859375e+01) (3, -1.19931392669677734375e+01) (4, 5.33425331115722656250e+00) (5, 2.97779154777526855469e+00) (6, -1.23816740512847900391e+00) (7, 1.80290508270263671875e+00) (8, 1.35180997848510742188e+01) (9, -8.31514644622802734375e+00) (0, 6.47700262069702148438e+00) (1, -1.23965859413146972656e+00) (2, -7.27802848815917968750e+00) (3, 1.04653205871582031250e+01) (4, 4.64016914367675781250e-01) (5, -1.08437900543212890625e+01) (6, 3.04047322273254394531e+00) (7, -6.60668388009071350098e-02) (8, -6.79237079620361328125e+00) (9, -1.01378226280212402344e+00) (10, 2.20302939414978027344e+00) (11, 6.39504957199096679688e+00) (12, -1.01488053798675537109e+00) 
