FANN_FLO_2.1
num_layers=3
learning_rate=0.500000
connection_rate=1.000000
network_type=0
learning_momentum=0.000000
training_algorithm=2
train_error_function=1
train_stop_function=0
cascade_output_change_fraction=0.010000
quickprop_decay=-0.000100
quickprop_mu=1.750000
rprop_increase_factor=1.200000
rprop_decrease_factor=0.500000
rprop_delta_min=0.000000
rprop_delta_max=50.000000
rprop_delta_zero=0.100000
cascade_output_stagnation_epochs=12
cascade_candidate_change_fraction=0.010000
cascade_candidate_stagnation_epochs=12
cascade_max_out_epochs=150
cascade_min_out_epochs=50
cascade_max_cand_epochs=150
cascade_min_cand_epochs=50
cascade_num_candidate_groups=2
bit_fail_limit=3.49999994039535522461e-01
cascade_candidate_limit=1.00000000000000000000e+03
cascade_weight_multiplier=4.00000005960464477539e-01
cascade_activation_functions_count=10
cascade_activation_functions=3 5 7 8 10 11 14 15 16 17 
cascade_activation_steepnesses_count=4
cascade_activation_steepnesses=2.50000000000000000000e-01 5.00000000000000000000e-01 7.50000000000000000000e-01 1.00000000000000000000e+00 
layer_sizes=10 5 2 
scale_included=0
neurons (num_inputs, activation_function, activation_steepness)=(0, 0, 0.00000000000000000000e+00) (0, 0, 0.00000000000000000000e+00) (0, 0, 0.00000000000000000000e+00) (0, 0, 0.00000000000000000000e+00) (0, 0, 0.00000000000000000000e+00) (0, 0, 0.00000000000000000000e+00) (0, 0, 0.00000000000000000000e+00) (0, 0, 0.00000000000000000000e+00) (0, 0, 0.00000000000000000000e+00) (0, 0, 0.00000000000000000000e+00) (10, 3, 5.00000000000000000000e-01) (10, 3, 5.00000000000000000000e-01) (10, 3, 5.00000000000000000000e-01) (10, 3, 5.00000000000000000000e-01) (0, 3, 0.00000000000000000000e+00) (5, 3, 5.00000000000000000000e-01) (0, 3, 0.00000000000000000000e+00) 
connections (connected_to_neuron, weight)=(0, -1.13314790725708007812e+01) (1, 1.84993457794189453125e+01) (2, 2.60183644294738769531e+00) (3, 4.02433872222900390625e-01) (4, -9.94953513145446777344e-01) (5, 5.54795920848846435547e-01) (6, -1.77171039581298828125e+00) (7, 3.64297389984130859375e+00) (8, 7.30436944961547851562e+00) (9, -6.48373889923095703125e+00) (0, 1.58002805709838867188e+01) (1, 6.24707937240600585938e+00) (2, -7.52472102642059326172e-01) (3, 1.36619243621826171875e+01) (4, -1.84028148651123046875e-01) (5, -1.28907308578491210938e+01) (6, -2.91395688056945800781e+00) (7, -9.32219505310058593750e+00) (8, -1.35886802673339843750e+01) (9, -2.09583401679992675781e+00) (0, -3.54600000381469726562e+00) (1, -1.95555934906005859375e+01) (2, -1.20804901123046875000e+01) (3, 5.25201463699340820312e+00) (4, -1.11894465982913970947e-01) (5, -7.84091615676879882812e+00) (6, 1.50665616989135742188e+01) (7, 1.40306262969970703125e+01) (8, 5.77625179290771484375e+00) (9, -2.90398931503295898438e+00) (0, 6.34104537963867187500e+00) (1, 1.19279539585113525391e+00) (2, -1.47120494842529296875e+01) (3, 2.38455047607421875000e+01) (4, -2.65617668628692626953e-01) (5, -2.64248275756835937500e+01) (6, 1.30100593566894531250e+01) (7, 4.07285451889038085938e+00) (8, -7.43362331390380859375e+00) (9, 4.13237094879150390625e+00) (10, 1.91140627861022949219e+00) (11, 4.83910369873046875000e+00) (12, 4.67301321029663085938e+00) (13, -3.52069830894470214844e+00) (14, 6.77473962306976318359e-01) 
