FANN_FLO_2.1
num_layers=3
learning_rate=0.500000
connection_rate=1.000000
network_type=0
learning_momentum=0.000000
training_algorithm=2
train_error_function=1
train_stop_function=0
cascade_output_change_fraction=0.010000
quickprop_decay=-0.000100
quickprop_mu=1.750000
rprop_increase_factor=1.200000
rprop_decrease_factor=0.500000
rprop_delta_min=0.000000
rprop_delta_max=50.000000
rprop_delta_zero=0.100000
cascade_output_stagnation_epochs=12
cascade_candidate_change_fraction=0.010000
cascade_candidate_stagnation_epochs=12
cascade_max_out_epochs=150
cascade_min_out_epochs=50
cascade_max_cand_epochs=150
cascade_min_cand_epochs=50
cascade_num_candidate_groups=2
bit_fail_limit=3.49999994039535522461e-01
cascade_candidate_limit=1.00000000000000000000e+03
cascade_weight_multiplier=4.00000005960464477539e-01
cascade_activation_functions_count=10
cascade_activation_functions=3 5 7 8 10 11 14 15 16 17 
cascade_activation_steepnesses_count=4
cascade_activation_steepnesses=2.50000000000000000000e-01 5.00000000000000000000e-01 7.50000000000000000000e-01 1.00000000000000000000e+00 
layer_sizes=10 5 2 
scale_included=0
neurons (num_inputs, activation_function, activation_steepness)=(0, 0, 0.00000000000000000000e+00) (0, 0, 0.00000000000000000000e+00) (0, 0, 0.00000000000000000000e+00) (0, 0, 0.00000000000000000000e+00) (0, 0, 0.00000000000000000000e+00) (0, 0, 0.00000000000000000000e+00) (0, 0, 0.00000000000000000000e+00) (0, 0, 0.00000000000000000000e+00) (0, 0, 0.00000000000000000000e+00) (0, 0, 0.00000000000000000000e+00) (10, 3, 5.00000000000000000000e-01) (10, 3, 5.00000000000000000000e-01) (10, 3, 5.00000000000000000000e-01) (10, 3, 5.00000000000000000000e-01) (0, 3, 0.00000000000000000000e+00) (5, 3, 5.00000000000000000000e-01) (0, 3, 0.00000000000000000000e+00) 
connections (connected_to_neuron, weight)=(0, 9.92418289184570312500e+00) (1, 4.94496822357177734375e+00) (2, 4.35769319534301757812e-01) (3, 7.94548320770263671875e+00) (4, 8.61442446708679199219e-01) (5, -7.66646575927734375000e+00) (6, -1.60804972052574157715e-01) (7, -5.72104358673095703125e+00) (8, -9.00082302093505859375e+00) (9, -3.29985356330871582031e+00) (0, -6.61473464965820312500e+00) (1, 5.09363460540771484375e+00) (2, 7.46502590179443359375e+00) (3, -1.55221900939941406250e+01) (4, -1.35780647397041320801e-02) (5, 1.31259927749633789062e+01) (6, -8.23664665222167968750e+00) (7, -4.82261419296264648438e+00) (8, 7.25283288955688476562e+00) (9, -1.97411251068115234375e+00) (0, -1.25987720489501953125e+01) (1, 3.72186756134033203125e+00) (2, 2.35782146453857421875e+00) (3, 1.64230175018310546875e+01) (4, 2.33467769622802734375e+00) (5, -1.52033829689025878906e+00) (6, 1.56327686309814453125e+01) (7, 6.94496440887451171875e+00) (8, 1.07193134725093841553e-01) (9, -7.08798170089721679688e+00) (0, -4.82618379592895507812e+00) (1, -2.08850669860839843750e+01) (2, -8.18991851806640625000e+00) (3, 7.83397793769836425781e-01) (4, 2.69918590784072875977e-01) (5, -5.60953903198242187500e+00) (6, 1.35302972793579101562e+01) (7, 1.92805671691894531250e+01) (8, 8.18104457855224609375e+00) (9, -5.11017704010009765625e+00) (10, 5.91754674911499023438e+00) (11, 5.06176948547363281250e+00) (12, 2.75246292352676391602e-01) (13, 4.36464166641235351562e+00) (14, -2.35485863685607910156e+00) 
