FANN_FLO_2.1
num_layers=3
learning_rate=0.500000
connection_rate=1.000000
network_type=0
learning_momentum=0.000000
training_algorithm=2
train_error_function=1
train_stop_function=0
cascade_output_change_fraction=0.010000
quickprop_decay=-0.000100
quickprop_mu=1.750000
rprop_increase_factor=1.200000
rprop_decrease_factor=0.500000
rprop_delta_min=0.000000
rprop_delta_max=50.000000
rprop_delta_zero=0.100000
cascade_output_stagnation_epochs=12
cascade_candidate_change_fraction=0.010000
cascade_candidate_stagnation_epochs=12
cascade_max_out_epochs=150
cascade_min_out_epochs=50
cascade_max_cand_epochs=150
cascade_min_cand_epochs=50
cascade_num_candidate_groups=2
bit_fail_limit=3.49999994039535522461e-01
cascade_candidate_limit=1.00000000000000000000e+03
cascade_weight_multiplier=4.00000005960464477539e-01
cascade_activation_functions_count=10
cascade_activation_functions=3 5 7 8 10 11 14 15 16 17 
cascade_activation_steepnesses_count=4
cascade_activation_steepnesses=2.50000000000000000000e-01 5.00000000000000000000e-01 7.50000000000000000000e-01 1.00000000000000000000e+00 
layer_sizes=10 3 2 
scale_included=0
neurons (num_inputs, activation_function, activation_steepness)=(0, 0, 0.00000000000000000000e+00) (0, 0, 0.00000000000000000000e+00) (0, 0, 0.00000000000000000000e+00) (0, 0, 0.00000000000000000000e+00) (0, 0, 0.00000000000000000000e+00) (0, 0, 0.00000000000000000000e+00) (0, 0, 0.00000000000000000000e+00) (0, 0, 0.00000000000000000000e+00) (0, 0, 0.00000000000000000000e+00) (0, 0, 0.00000000000000000000e+00) (10, 3, 5.00000000000000000000e-01) (10, 3, 5.00000000000000000000e-01) (0, 3, 0.00000000000000000000e+00) (3, 3, 5.00000000000000000000e-01) (0, 3, 0.00000000000000000000e+00) 
connections (connected_to_neuron, weight)=(0, 9.23825073242187500000e+00) (1, 6.29499769210815429688e+00) (2, -5.07181739807128906250e+00) (3, 8.60163402557373046875e+00) (4, -6.72519969940185546875e+00) (5, 1.14959754943847656250e+01) (6, 6.03398323059082031250e+00) (7, -1.97265768051147460938e+00) (8, 1.52928657531738281250e+01) (9, -1.20395812988281250000e+01) (0, 6.68002176284790039062e+00) (1, 6.18626642227172851562e+00) (2, 1.78740471601486206055e-01) (3, -8.37574228644371032715e-02) (4, -1.59815969467163085938e+01) (5, 1.91969089508056640625e+01) (6, 1.13839740753173828125e+01) (7, 1.07994174957275390625e+01) (8, -1.58361892700195312500e+01) (9, -7.41547107696533203125e+00) (10, 1.29457080364227294922e+00) (11, 6.60330355167388916016e-01) (12, -4.69254255294799804688e-01) 
