FANN_FLO_2.1
num_layers=3
learning_rate=0.500000
connection_rate=1.000000
network_type=0
learning_momentum=0.000000
training_algorithm=2
train_error_function=1
train_stop_function=0
cascade_output_change_fraction=0.010000
quickprop_decay=-0.000100
quickprop_mu=1.750000
rprop_increase_factor=1.200000
rprop_decrease_factor=0.500000
rprop_delta_min=0.000000
rprop_delta_max=50.000000
rprop_delta_zero=0.100000
cascade_output_stagnation_epochs=12
cascade_candidate_change_fraction=0.010000
cascade_candidate_stagnation_epochs=12
cascade_max_out_epochs=150
cascade_min_out_epochs=50
cascade_max_cand_epochs=150
cascade_min_cand_epochs=50
cascade_num_candidate_groups=2
bit_fail_limit=3.49999994039535522461e-01
cascade_candidate_limit=1.00000000000000000000e+03
cascade_weight_multiplier=4.00000005960464477539e-01
cascade_activation_functions_count=10
cascade_activation_functions=3 5 7 8 10 11 14 15 16 17 
cascade_activation_steepnesses_count=4
cascade_activation_steepnesses=2.50000000000000000000e-01 5.00000000000000000000e-01 7.50000000000000000000e-01 1.00000000000000000000e+00 
layer_sizes=10 5 2 
scale_included=0
neurons (num_inputs, activation_function, activation_steepness)=(0, 0, 0.00000000000000000000e+00) (0, 0, 0.00000000000000000000e+00) (0, 0, 0.00000000000000000000e+00) (0, 0, 0.00000000000000000000e+00) (0, 0, 0.00000000000000000000e+00) (0, 0, 0.00000000000000000000e+00) (0, 0, 0.00000000000000000000e+00) (0, 0, 0.00000000000000000000e+00) (0, 0, 0.00000000000000000000e+00) (0, 0, 0.00000000000000000000e+00) (10, 3, 5.00000000000000000000e-01) (10, 3, 5.00000000000000000000e-01) (10, 3, 5.00000000000000000000e-01) (10, 3, 5.00000000000000000000e-01) (0, 3, 0.00000000000000000000e+00) (5, 3, 5.00000000000000000000e-01) (0, 3, 0.00000000000000000000e+00) 
connections (connected_to_neuron, weight)=(0, 3.24083113670349121094e+00) (1, 1.43643760681152343750e+01) (2, 5.55898046493530273438e+00) (3, -1.22703609466552734375e+01) (4, 3.34562510251998901367e-01) (5, 1.14157140254974365234e+00) (6, -9.68825435638427734375e+00) (7, 3.13013725280761718750e+01) (8, -7.91894578933715820312e+00) (9, -7.39830970764160156250e+00) (0, -6.90373134613037109375e+00) (1, 6.80095148086547851562e+00) (2, 1.11653161048889160156e+00) (3, 1.30956182479858398438e+01) (4, 1.47715053558349609375e+01) (5, 7.04864215850830078125e+00) (6, 9.73138236999511718750e+00) (7, 5.88473677635192871094e-01) (8, -8.91007041931152343750e+00) (9, -8.09133911132812500000e+00) (0, -5.82274484634399414062e+00) (1, 7.60274124145507812500e+00) (2, 1.32816576957702636719e+00) (3, 9.50067043304443359375e+00) (4, 1.38869199752807617188e+01) (5, 3.95355296134948730469e+00) (6, 8.54263019561767578125e+00) (7, 7.29151725769042968750e-01) (8, -5.54851484298706054688e+00) (9, -7.19101238250732421875e+00) (0, 1.30418367385864257812e+01) (1, -6.10669374465942382812e+00) (2, 2.31451392173767089844e+00) (3, 3.74075508117675781250e+00) (4, 2.21093320846557617188e+00) (5, 1.20861568450927734375e+01) (6, 4.05172157287597656250e+00) (7, -5.84259462356567382812e+00) (8, 8.37823295593261718750e+00) (9, -9.02177238464355468750e+00) (10, 9.53405797481536865234e-01) (11, 5.22981464862823486328e-01) (12, 3.51138770580291748047e-01) (13, 1.29102110862731933594e+00) (14, -1.53834998607635498047e+00) 
