FANN_FLO_2.1
num_layers=3
learning_rate=0.500000
connection_rate=1.000000
network_type=0
learning_momentum=0.000000
training_algorithm=2
train_error_function=1
train_stop_function=0
cascade_output_change_fraction=0.010000
quickprop_decay=-0.000100
quickprop_mu=1.750000
rprop_increase_factor=1.200000
rprop_decrease_factor=0.500000
rprop_delta_min=0.000000
rprop_delta_max=50.000000
rprop_delta_zero=0.100000
cascade_output_stagnation_epochs=12
cascade_candidate_change_fraction=0.010000
cascade_candidate_stagnation_epochs=12
cascade_max_out_epochs=150
cascade_min_out_epochs=50
cascade_max_cand_epochs=150
cascade_min_cand_epochs=50
cascade_num_candidate_groups=2
bit_fail_limit=3.49999994039535522461e-01
cascade_candidate_limit=1.00000000000000000000e+03
cascade_weight_multiplier=4.00000005960464477539e-01
cascade_activation_functions_count=10
cascade_activation_functions=3 5 7 8 10 11 14 15 16 17 
cascade_activation_steepnesses_count=4
cascade_activation_steepnesses=2.50000000000000000000e-01 5.00000000000000000000e-01 7.50000000000000000000e-01 1.00000000000000000000e+00 
layer_sizes=6 5 2 
scale_included=0
neurons (num_inputs, activation_function, activation_steepness)=(0, 0, 0.00000000000000000000e+00) (0, 0, 0.00000000000000000000e+00) (0, 0, 0.00000000000000000000e+00) (0, 0, 0.00000000000000000000e+00) (0, 0, 0.00000000000000000000e+00) (0, 0, 0.00000000000000000000e+00) (6, 3, 5.00000000000000000000e-01) (6, 3, 5.00000000000000000000e-01) (6, 3, 5.00000000000000000000e-01) (6, 3, 5.00000000000000000000e-01) (0, 3, 0.00000000000000000000e+00) (5, 0, 5.00000000000000000000e-01) (0, 0, 0.00000000000000000000e+00) 
connections (connected_to_neuron, weight)=(0, 4.12290900945663452148e-01) (1, -5.06643104553222656250e+00) (2, 7.27567291259765625000e+00) (3, 2.36971306800842285156e+00) (4, -4.23341131210327148438e+00) (5, 3.57942676544189453125e+00) (0, 4.95896518230438232422e-01) (1, 5.39790201187133789062e+00) (2, 6.24206876754760742188e+00) (3, -4.81181907653808593750e+00) (4, 2.88308167457580566406e+00) (5, 3.66666007041931152344e+00) (0, -2.80410557985305786133e-01) (1, -2.42382121086120605469e+00) (2, -3.74911952018737792969e+00) (3, -6.04481160640716552734e-01) (4, 3.68555426597595214844e+00) (5, 3.73337316513061523438e+00) (0, 6.55864000320434570312e-01) (1, 8.38773059844970703125e+00) (2, -2.82888484001159667969e+00) (3, 1.51741778850555419922e+00) (4, -8.17245578765869140625e+00) (5, 3.37776184082031250000e+00) (6, 8.61326873302459716797e-01) (7, 8.69724929332733154297e-01) (8, 8.52294147014617919922e-01) (9, 9.25762057304382324219e-01) (10, 9.04412508010864257812e-01) 
