FANN_FLO_2.1
num_layers=3
learning_rate=0.500000
connection_rate=1.000000
network_type=0
learning_momentum=0.000000
training_algorithm=2
train_error_function=1
train_stop_function=0
cascade_output_change_fraction=0.010000
quickprop_decay=-0.000100
quickprop_mu=1.750000
rprop_increase_factor=1.200000
rprop_decrease_factor=0.500000
rprop_delta_min=0.000000
rprop_delta_max=50.000000
rprop_delta_zero=0.100000
cascade_output_stagnation_epochs=12
cascade_candidate_change_fraction=0.010000
cascade_candidate_stagnation_epochs=12
cascade_max_out_epochs=150
cascade_min_out_epochs=50
cascade_max_cand_epochs=150
cascade_min_cand_epochs=50
cascade_num_candidate_groups=2
bit_fail_limit=3.49999994039535522461e-01
cascade_candidate_limit=1.00000000000000000000e+03
cascade_weight_multiplier=4.00000005960464477539e-01
cascade_activation_functions_count=10
cascade_activation_functions=3 5 7 8 10 11 14 15 16 17 
cascade_activation_steepnesses_count=4
cascade_activation_steepnesses=2.50000000000000000000e-01 5.00000000000000000000e-01 7.50000000000000000000e-01 1.00000000000000000000e+00 
layer_sizes=10 5 2 
scale_included=0
neurons (num_inputs, activation_function, activation_steepness)=(0, 0, 0.00000000000000000000e+00) (0, 0, 0.00000000000000000000e+00) (0, 0, 0.00000000000000000000e+00) (0, 0, 0.00000000000000000000e+00) (0, 0, 0.00000000000000000000e+00) (0, 0, 0.00000000000000000000e+00) (0, 0, 0.00000000000000000000e+00) (0, 0, 0.00000000000000000000e+00) (0, 0, 0.00000000000000000000e+00) (0, 0, 0.00000000000000000000e+00) (10, 3, 5.00000000000000000000e-01) (10, 3, 5.00000000000000000000e-01) (10, 3, 5.00000000000000000000e-01) (10, 3, 5.00000000000000000000e-01) (0, 3, 0.00000000000000000000e+00) (5, 3, 5.00000000000000000000e-01) (0, 3, 0.00000000000000000000e+00) 
connections (connected_to_neuron, weight)=(0, -2.66673058271408081055e-01) (1, 1.60021436214447021484e+00) (2, -4.07008945941925048828e-01) (3, 2.07160806655883789062e+00) (4, -1.37907493114471435547e+00) (5, 1.28123676776885986328e+00) (6, 1.13489460945129394531e+00) (7, -2.58746054023504257202e-02) (8, 1.23565840721130371094e+00) (9, -3.21397542953491210938e+00) (0, 2.06629663705825805664e-01) (1, 3.38371014595031738281e+00) (2, 2.39783644676208496094e+00) (3, 3.37477755546569824219e+00) (4, -4.94054585695266723633e-01) (5, 6.02068758010864257812e+00) (6, 4.30631399154663085938e+00) (7, 1.76786291599273681641e+00) (8, 4.91032786667346954346e-02) (9, -6.10456943511962890625e+00) (0, 3.95654857158660888672e-01) (1, 6.37954664230346679688e+00) (2, -3.39315910339355468750e+01) (3, 6.44605016708374023438e+00) (4, -3.91649007797241210938e-01) (5, 3.60450243949890136719e+00) (6, 9.30863094329833984375e+00) (7, 7.67233371734619140625e+00) (8, 1.01000022888183593750e+00) (9, -4.48731279373168945312e+00) (0, -3.67672681808471679688e+00) (1, 8.93362331390380859375e+00) (2, 9.79109168052673339844e-01) (3, 5.26111888885498046875e+00) (4, -5.90821552276611328125e+00) (5, 5.43091773986816406250e+00) (6, 7.88643121719360351562e+00) (7, -6.06232166290283203125e-01) (8, 4.73058319091796875000e+00) (9, -6.54155445098876953125e+00) (10, -4.36595487594604492188e+00) (11, 1.74762344360351562500e+00) (12, 7.76045858860015869141e-01) (13, 2.38438439369201660156e+00) (14, -1.12538647651672363281e+00) 
