FANN_FLO_2.1
num_layers=3
learning_rate=0.500000
connection_rate=1.000000
network_type=0
learning_momentum=0.000000
training_algorithm=2
train_error_function=1
train_stop_function=0
cascade_output_change_fraction=0.010000
quickprop_decay=-0.000100
quickprop_mu=1.750000
rprop_increase_factor=1.200000
rprop_decrease_factor=0.500000
rprop_delta_min=0.000000
rprop_delta_max=50.000000
rprop_delta_zero=0.100000
cascade_output_stagnation_epochs=12
cascade_candidate_change_fraction=0.010000
cascade_candidate_stagnation_epochs=12
cascade_max_out_epochs=150
cascade_min_out_epochs=50
cascade_max_cand_epochs=150
cascade_min_cand_epochs=50
cascade_num_candidate_groups=2
bit_fail_limit=3.49999994039535522461e-01
cascade_candidate_limit=1.00000000000000000000e+03
cascade_weight_multiplier=4.00000005960464477539e-01
cascade_activation_functions_count=10
cascade_activation_functions=3 5 7 8 10 11 14 15 16 17 
cascade_activation_steepnesses_count=4
cascade_activation_steepnesses=2.50000000000000000000e-01 5.00000000000000000000e-01 7.50000000000000000000e-01 1.00000000000000000000e+00 
layer_sizes=10 5 2 
scale_included=0
neurons (num_inputs, activation_function, activation_steepness)=(0, 0, 0.00000000000000000000e+00) (0, 0, 0.00000000000000000000e+00) (0, 0, 0.00000000000000000000e+00) (0, 0, 0.00000000000000000000e+00) (0, 0, 0.00000000000000000000e+00) (0, 0, 0.00000000000000000000e+00) (0, 0, 0.00000000000000000000e+00) (0, 0, 0.00000000000000000000e+00) (0, 0, 0.00000000000000000000e+00) (0, 0, 0.00000000000000000000e+00) (10, 3, 5.00000000000000000000e-01) (10, 3, 5.00000000000000000000e-01) (10, 3, 5.00000000000000000000e-01) (10, 3, 5.00000000000000000000e-01) (0, 3, 0.00000000000000000000e+00) (5, 3, 5.00000000000000000000e-01) (0, 3, 0.00000000000000000000e+00) 
connections (connected_to_neuron, weight)=(0, 9.95256996154785156250e+00) (1, -4.12579536437988281250e+00) (2, 3.06798160076141357422e-01) (3, 1.06776304244995117188e+01) (4, -6.98596835136413574219e-01) (5, 9.40994071960449218750e+00) (6, -1.12130737304687500000e+01) (7, 6.82713651657104492188e+00) (8, 2.41060805320739746094e+00) (9, -4.64935207366943359375e+00) (0, -1.20033077895641326904e-01) (1, -3.11558961868286132812e+00) (2, 8.65492880344390869141e-01) (3, 2.26307106018066406250e+01) (4, 1.28908336162567138672e-01) (5, 1.27485275268554687500e+01) (6, -3.44637799263000488281e+00) (7, -8.65083789825439453125e+00) (8, 4.98989820480346679688e+00) (9, -7.41500329971313476562e+00) (0, 1.14366617202758789062e+01) (1, 2.73866796493530273438e+00) (2, 2.24863815307617187500e+00) (3, -6.90368175506591796875e+00) (4, -8.42180788516998291016e-01) (5, 9.68945693969726562500e+00) (6, 4.47079753875732421875e+00) (7, 1.95761871337890625000e+01) (8, -1.07811584472656250000e+01) (9, -6.75432872772216796875e+00) (0, 5.28138065338134765625e+00) (1, 1.28560295104980468750e+01) (2, 2.48810386657714843750e+00) (3, -2.59016704559326171875e+00) (4, -6.08732366561889648438e+00) (5, 5.91885423660278320312e+00) (6, 8.89691638946533203125e+00) (7, 1.54741325378417968750e+01) (8, -7.04268217086791992188e+00) (9, -8.64444923400878906250e+00) (10, 5.90798020362854003906e-01) (11, 5.15813946723937988281e-01) (12, 1.12785434722900390625e+00) (13, 1.01862418651580810547e+00) (14, -1.78959882259368896484e+00) 
