FANN_FLO_2.1
num_layers=3
learning_rate=0.500000
connection_rate=1.000000
network_type=0
learning_momentum=0.000000
training_algorithm=2
train_error_function=1
train_stop_function=0
cascade_output_change_fraction=0.010000
quickprop_decay=-0.000100
quickprop_mu=1.750000
rprop_increase_factor=1.200000
rprop_decrease_factor=0.500000
rprop_delta_min=0.000000
rprop_delta_max=50.000000
rprop_delta_zero=0.100000
cascade_output_stagnation_epochs=12
cascade_candidate_change_fraction=0.010000
cascade_candidate_stagnation_epochs=12
cascade_max_out_epochs=150
cascade_min_out_epochs=50
cascade_max_cand_epochs=150
cascade_min_cand_epochs=50
cascade_num_candidate_groups=2
bit_fail_limit=3.49999994039535522461e-01
cascade_candidate_limit=1.00000000000000000000e+03
cascade_weight_multiplier=4.00000005960464477539e-01
cascade_activation_functions_count=10
cascade_activation_functions=3 5 7 8 10 11 14 15 16 17 
cascade_activation_steepnesses_count=4
cascade_activation_steepnesses=2.50000000000000000000e-01 5.00000000000000000000e-01 7.50000000000000000000e-01 1.00000000000000000000e+00 
layer_sizes=10 3 2 
scale_included=0
neurons (num_inputs, activation_function, activation_steepness)=(0, 0, 0.00000000000000000000e+00) (0, 0, 0.00000000000000000000e+00) (0, 0, 0.00000000000000000000e+00) (0, 0, 0.00000000000000000000e+00) (0, 0, 0.00000000000000000000e+00) (0, 0, 0.00000000000000000000e+00) (0, 0, 0.00000000000000000000e+00) (0, 0, 0.00000000000000000000e+00) (0, 0, 0.00000000000000000000e+00) (0, 0, 0.00000000000000000000e+00) (10, 3, 5.00000000000000000000e-01) (10, 3, 5.00000000000000000000e-01) (0, 3, 0.00000000000000000000e+00) (3, 3, 5.00000000000000000000e-01) (0, 3, 0.00000000000000000000e+00) 
connections (connected_to_neuron, weight)=(0, -1.46506845951080322266e+00) (1, 4.29228925704956054688e+00) (2, 4.89830112457275390625e+00) (3, 9.35378742218017578125e+00) (4, 5.54447746276855468750e+00) (5, 6.46873617172241210938e+00) (6, 2.94737839698791503906e+00) (7, 6.98284912109375000000e+00) (8, -5.18280029296875000000e+00) (9, -7.13033771514892578125e+00) (0, 4.74338293075561523438e-01) (1, 4.54874038696289062500e+00) (2, -9.77392196655273437500e-01) (3, 4.38852310180664062500e+00) (4, 1.14571261405944824219e+00) (5, 8.00113010406494140625e+00) (6, 8.26927471160888671875e+00) (7, -2.12747007608413696289e-01) (8, -1.13300538063049316406e+00) (9, -6.46095180511474609375e+00) (10, 1.44300293922424316406e+00) (11, 1.62875437736511230469e+00) (12, -1.76687347888946533203e+00) 
