FANN_FLO_2.1
num_layers=3
learning_rate=0.500000
connection_rate=1.000000
network_type=0
learning_momentum=0.000000
training_algorithm=2
train_error_function=1
train_stop_function=0
cascade_output_change_fraction=0.010000
quickprop_decay=-0.000100
quickprop_mu=1.750000
rprop_increase_factor=1.200000
rprop_decrease_factor=0.500000
rprop_delta_min=0.000000
rprop_delta_max=50.000000
rprop_delta_zero=0.100000
cascade_output_stagnation_epochs=12
cascade_candidate_change_fraction=0.010000
cascade_candidate_stagnation_epochs=12
cascade_max_out_epochs=150
cascade_min_out_epochs=50
cascade_max_cand_epochs=150
cascade_min_cand_epochs=50
cascade_num_candidate_groups=2
bit_fail_limit=3.49999994039535522461e-01
cascade_candidate_limit=1.00000000000000000000e+03
cascade_weight_multiplier=4.00000005960464477539e-01
cascade_activation_functions_count=10
cascade_activation_functions=3 5 7 8 10 11 14 15 16 17 
cascade_activation_steepnesses_count=4
cascade_activation_steepnesses=2.50000000000000000000e-01 5.00000000000000000000e-01 7.50000000000000000000e-01 1.00000000000000000000e+00 
layer_sizes=10 5 2 
scale_included=0
neurons (num_inputs, activation_function, activation_steepness)=(0, 0, 0.00000000000000000000e+00) (0, 0, 0.00000000000000000000e+00) (0, 0, 0.00000000000000000000e+00) (0, 0, 0.00000000000000000000e+00) (0, 0, 0.00000000000000000000e+00) (0, 0, 0.00000000000000000000e+00) (0, 0, 0.00000000000000000000e+00) (0, 0, 0.00000000000000000000e+00) (0, 0, 0.00000000000000000000e+00) (0, 0, 0.00000000000000000000e+00) (10, 3, 5.00000000000000000000e-01) (10, 3, 5.00000000000000000000e-01) (10, 3, 5.00000000000000000000e-01) (10, 3, 5.00000000000000000000e-01) (0, 3, 0.00000000000000000000e+00) (5, 3, 5.00000000000000000000e-01) (0, 3, 0.00000000000000000000e+00) 
connections (connected_to_neuron, weight)=(0, -3.69648885726928710938e+00) (1, 3.14648777246475219727e-01) (2, -6.12087440490722656250e+00) (3, -6.76601648330688476562e-01) (4, 4.68218088150024414062e+00) (5, 6.89926052093505859375e+00) (6, 5.92300987243652343750e+00) (7, 1.57276124954223632812e+01) (8, 5.29404878616333007812e+00) (9, -1.00002641677856445312e+01) (0, 2.76724243164062500000e+00) (1, 1.24135112762451171875e+01) (2, 1.30401096343994140625e+01) (3, -9.68057060241699218750e+00) (4, 7.55384564399719238281e-01) (5, 6.01611518859863281250e+00) (6, -9.41409778594970703125e+00) (7, -1.63332500457763671875e+01) (8, -1.30644655227661132812e+00) (9, -3.14878797531127929688e+00) (0, -1.89930305480957031250e+01) (1, -2.74238204956054687500e+01) (2, -6.13443517684936523438e+00) (3, -9.48634433746337890625e+00) (4, -1.74457395076751708984e+00) (5, 7.60658693313598632812e+00) (6, 2.39714765548706054688e+00) (7, 2.86662864685058593750e+01) (8, 2.14340934753417968750e+01) (9, -4.16024780273437500000e+00) (0, 9.84150791168212890625e+00) (1, -9.86848533153533935547e-01) (2, -1.64950885772705078125e+01) (3, 2.04926338195800781250e+01) (4, 4.40804576873779296875e+00) (5, -1.60863380432128906250e+01) (6, 1.56577243804931640625e+01) (7, -8.73704624176025390625e+00) (8, -1.49913740158081054688e+01) (9, -1.68237948417663574219e+00) (10, 7.66498088836669921875e-01) (11, 4.95500040054321289062e+00) (12, 3.46456217765808105469e+00) (13, 4.02853345870971679688e+00) (14, -1.63851070404052734375e+00) 
