FANN_FLO_2.1
num_layers=3
learning_rate=0.500000
connection_rate=1.000000
network_type=0
learning_momentum=0.000000
training_algorithm=2
train_error_function=1
train_stop_function=0
cascade_output_change_fraction=0.010000
quickprop_decay=-0.000100
quickprop_mu=1.750000
rprop_increase_factor=1.200000
rprop_decrease_factor=0.500000
rprop_delta_min=0.000000
rprop_delta_max=50.000000
rprop_delta_zero=0.100000
cascade_output_stagnation_epochs=12
cascade_candidate_change_fraction=0.010000
cascade_candidate_stagnation_epochs=12
cascade_max_out_epochs=150
cascade_min_out_epochs=50
cascade_max_cand_epochs=150
cascade_min_cand_epochs=50
cascade_num_candidate_groups=2
bit_fail_limit=3.49999994039535522461e-01
cascade_candidate_limit=1.00000000000000000000e+03
cascade_weight_multiplier=4.00000005960464477539e-01
cascade_activation_functions_count=10
cascade_activation_functions=3 5 7 8 10 11 14 15 16 17 
cascade_activation_steepnesses_count=4
cascade_activation_steepnesses=2.50000000000000000000e-01 5.00000000000000000000e-01 7.50000000000000000000e-01 1.00000000000000000000e+00 
layer_sizes=10 5 2 
scale_included=0
neurons (num_inputs, activation_function, activation_steepness)=(0, 0, 0.00000000000000000000e+00) (0, 0, 0.00000000000000000000e+00) (0, 0, 0.00000000000000000000e+00) (0, 0, 0.00000000000000000000e+00) (0, 0, 0.00000000000000000000e+00) (0, 0, 0.00000000000000000000e+00) (0, 0, 0.00000000000000000000e+00) (0, 0, 0.00000000000000000000e+00) (0, 0, 0.00000000000000000000e+00) (0, 0, 0.00000000000000000000e+00) (10, 3, 5.00000000000000000000e-01) (10, 3, 5.00000000000000000000e-01) (10, 3, 5.00000000000000000000e-01) (10, 3, 5.00000000000000000000e-01) (0, 3, 0.00000000000000000000e+00) (5, 3, 5.00000000000000000000e-01) (0, 3, 0.00000000000000000000e+00) 
connections (connected_to_neuron, weight)=(0, -3.88981080055236816406e+00) (1, -4.34614449739456176758e-01) (2, 4.53280496597290039062e+00) (3, -1.36790046691894531250e+01) (4, 1.02615916728973388672e+00) (5, 9.88524627685546875000e+00) (6, -6.02421855926513671875e+00) (7, -5.57910054922103881836e-02) (8, 4.33682727813720703125e+00) (9, -1.44611644744873046875e+00) (0, 5.03215217590332031250e+00) (1, -1.23360610008239746094e+00) (2, -6.98955297470092773438e+00) (3, 1.41349515914916992188e+01) (4, 3.24349850416183471680e-01) (5, -1.55399141311645507812e+01) (6, 5.92664337158203125000e+00) (7, 4.47336614131927490234e-01) (8, -6.41531419754028320312e+00) (9, -2.52791255712509155273e-01) (0, 1.26353588104248046875e+01) (1, 4.77318668365478515625e+00) (2, 4.01238346099853515625e+00) (3, 7.72573757171630859375e+00) (4, 2.26727175712585449219e+00) (5, -9.83984088897705078125e+00) (6, 4.83162260055541992188e+00) (7, 1.20556335449218750000e+01) (8, 8.29393959045410156250e+00) (9, -1.36365184783935546875e+01) (0, 1.50000000000000000000e+03) (1, 1.50000000000000000000e+03) (2, 1.50000000000000000000e+03) (3, 1.50000000000000000000e+03) (4, 1.50000000000000000000e+03) (5, 1.50000000000000000000e+03) (6, 1.50000000000000000000e+03) (7, 1.50000000000000000000e+03) (8, 1.50000000000000000000e+03) (9, 6.25259704589843750000e+01) (10, 9.28061962127685546875e+00) (11, 3.18500280380249023438e+00) (12, 2.11881399154663085938e+00) (13, -1.93223714828491210938e+00) (14, -7.08878874778747558594e-01) 
