FANN_FLO_2.1
num_layers=3
learning_rate=0.500000
connection_rate=1.000000
network_type=0
learning_momentum=0.000000
training_algorithm=2
train_error_function=1
train_stop_function=0
cascade_output_change_fraction=0.010000
quickprop_decay=-0.000100
quickprop_mu=1.750000
rprop_increase_factor=1.200000
rprop_decrease_factor=0.500000
rprop_delta_min=0.000000
rprop_delta_max=50.000000
rprop_delta_zero=0.100000
cascade_output_stagnation_epochs=12
cascade_candidate_change_fraction=0.010000
cascade_candidate_stagnation_epochs=12
cascade_max_out_epochs=150
cascade_min_out_epochs=50
cascade_max_cand_epochs=150
cascade_min_cand_epochs=50
cascade_num_candidate_groups=2
bit_fail_limit=3.49999994039535522461e-01
cascade_candidate_limit=1.00000000000000000000e+03
cascade_weight_multiplier=4.00000005960464477539e-01
cascade_activation_functions_count=10
cascade_activation_functions=3 5 7 8 10 11 14 15 16 17 
cascade_activation_steepnesses_count=4
cascade_activation_steepnesses=2.50000000000000000000e-01 5.00000000000000000000e-01 7.50000000000000000000e-01 1.00000000000000000000e+00 
layer_sizes=6 5 2 
scale_included=0
neurons (num_inputs, activation_function, activation_steepness)=(0, 0, 0.00000000000000000000e+00) (0, 0, 0.00000000000000000000e+00) (0, 0, 0.00000000000000000000e+00) (0, 0, 0.00000000000000000000e+00) (0, 0, 0.00000000000000000000e+00) (0, 0, 0.00000000000000000000e+00) (6, 3, 5.00000000000000000000e-01) (6, 3, 5.00000000000000000000e-01) (6, 3, 5.00000000000000000000e-01) (6, 3, 5.00000000000000000000e-01) (0, 3, 0.00000000000000000000e+00) (5, 0, 5.00000000000000000000e-01) (0, 0, 0.00000000000000000000e+00) 
connections (connected_to_neuron, weight)=(0, 1.01845526695251464844e+00) (1, 6.55926990509033203125e+00) (2, -7.48027753829956054688e+00) (3, -1.55871868133544921875e+00) (4, 5.11398935317993164062e+00) (5, 2.79672980308532714844e+00) (0, 1.07801151275634765625e+00) (1, -5.35107672214508056641e-01) (2, -3.50506114959716796875e+00) (3, 1.48684110641479492188e+01) (4, 7.91926741600036621094e-01) (5, 2.81685304641723632812e+00) (0, -3.17446403205394744873e-02) (1, -1.36703357100486755371e-01) (2, 2.25408270955085754395e-01) (3, -3.35353016853332519531e-01) (4, -2.54238903522491455078e-01) (5, 1.95756450295448303223e-01) (0, -7.43793547153472900391e-02) (1, -1.83399036526679992676e-01) (2, 5.24662911891937255859e-01) (3, -2.88910061120986938477e-01) (4, -1.15140855312347412109e-01) (5, 2.01981291174888610840e-01) (6, 1.12260484695434570312e+00) (7, 1.13648366928100585938e+00) (8, 9.92410302162170410156e-01) (9, 1.01806318759918212891e+00) (10, 1.05219936370849609375e+00) 
