FANN_FLO_2.1
num_layers=3
learning_rate=0.500000
connection_rate=1.000000
network_type=0
learning_momentum=0.000000
training_algorithm=2
train_error_function=1
train_stop_function=0
cascade_output_change_fraction=0.010000
quickprop_decay=-0.000100
quickprop_mu=1.750000
rprop_increase_factor=1.200000
rprop_decrease_factor=0.500000
rprop_delta_min=0.000000
rprop_delta_max=50.000000
rprop_delta_zero=0.100000
cascade_output_stagnation_epochs=12
cascade_candidate_change_fraction=0.010000
cascade_candidate_stagnation_epochs=12
cascade_max_out_epochs=150
cascade_min_out_epochs=50
cascade_max_cand_epochs=150
cascade_min_cand_epochs=50
cascade_num_candidate_groups=2
bit_fail_limit=3.49999994039535522461e-01
cascade_candidate_limit=1.00000000000000000000e+03
cascade_weight_multiplier=4.00000005960464477539e-01
cascade_activation_functions_count=10
cascade_activation_functions=3 5 7 8 10 11 14 15 16 17 
cascade_activation_steepnesses_count=4
cascade_activation_steepnesses=2.50000000000000000000e-01 5.00000000000000000000e-01 7.50000000000000000000e-01 1.00000000000000000000e+00 
layer_sizes=10 3 2 
scale_included=0
neurons (num_inputs, activation_function, activation_steepness)=(0, 0, 0.00000000000000000000e+00) (0, 0, 0.00000000000000000000e+00) (0, 0, 0.00000000000000000000e+00) (0, 0, 0.00000000000000000000e+00) (0, 0, 0.00000000000000000000e+00) (0, 0, 0.00000000000000000000e+00) (0, 0, 0.00000000000000000000e+00) (0, 0, 0.00000000000000000000e+00) (0, 0, 0.00000000000000000000e+00) (0, 0, 0.00000000000000000000e+00) (10, 3, 5.00000000000000000000e-01) (10, 3, 5.00000000000000000000e-01) (0, 3, 0.00000000000000000000e+00) (3, 3, 5.00000000000000000000e-01) (0, 3, 0.00000000000000000000e+00) 
connections (connected_to_neuron, weight)=(0, -2.15184617042541503906e+00) (1, -4.90120983123779296875e+00) (2, 4.10000181198120117188e+00) (3, 4.71779012680053710938e+00) (4, 1.68990349769592285156e+00) (5, 1.68077125549316406250e+01) (6, -8.68330669403076171875e+00) (7, 1.25246944427490234375e+01) (8, -2.38710613250732421875e+01) (9, 4.43977594375610351562e+00) (0, 6.54186391830444335938e+00) (1, -1.32303130626678466797e+00) (2, 3.05968093872070312500e+00) (3, 4.78823852539062500000e+00) (4, -3.48741888999938964844e+00) (5, 2.38422226905822753906e+00) (6, 2.95986938476562500000e+00) (7, 4.40718173980712890625e+00) (8, 5.64573001861572265625e+00) (9, -6.90198373794555664062e+00) (10, 1.59047484397888183594e+00) (11, 2.32517409324645996094e+00) (12, -2.30474686622619628906e+00) 
