FANN_FLO_2.1
num_layers=3
learning_rate=0.500000
connection_rate=1.000000
network_type=0
learning_momentum=0.000000
training_algorithm=2
train_error_function=1
train_stop_function=0
cascade_output_change_fraction=0.010000
quickprop_decay=-0.000100
quickprop_mu=1.750000
rprop_increase_factor=1.200000
rprop_decrease_factor=0.500000
rprop_delta_min=0.000000
rprop_delta_max=50.000000
rprop_delta_zero=0.100000
cascade_output_stagnation_epochs=12
cascade_candidate_change_fraction=0.010000
cascade_candidate_stagnation_epochs=12
cascade_max_out_epochs=150
cascade_min_out_epochs=50
cascade_max_cand_epochs=150
cascade_min_cand_epochs=50
cascade_num_candidate_groups=2
bit_fail_limit=3.49999994039535522461e-01
cascade_candidate_limit=1.00000000000000000000e+03
cascade_weight_multiplier=4.00000005960464477539e-01
cascade_activation_functions_count=10
cascade_activation_functions=3 5 7 8 10 11 14 15 16 17 
cascade_activation_steepnesses_count=4
cascade_activation_steepnesses=2.50000000000000000000e-01 5.00000000000000000000e-01 7.50000000000000000000e-01 1.00000000000000000000e+00 
layer_sizes=6 5 2 
scale_included=0
neurons (num_inputs, activation_function, activation_steepness)=(0, 0, 0.00000000000000000000e+00) (0, 0, 0.00000000000000000000e+00) (0, 0, 0.00000000000000000000e+00) (0, 0, 0.00000000000000000000e+00) (0, 0, 0.00000000000000000000e+00) (0, 0, 0.00000000000000000000e+00) (6, 3, 5.00000000000000000000e-01) (6, 3, 5.00000000000000000000e-01) (6, 3, 5.00000000000000000000e-01) (6, 3, 5.00000000000000000000e-01) (0, 3, 0.00000000000000000000e+00) (5, 0, 5.00000000000000000000e-01) (0, 0, 0.00000000000000000000e+00) 
connections (connected_to_neuron, weight)=(0, 6.24494301155209541321e-03) (1, 3.76828730106353759766e-01) (2, -3.60902816057205200195e-01) (3, 8.17809477448463439941e-02) (4, -6.99565783143043518066e-02) (5, 3.51536899805068969727e-01) (0, 1.17875123023986816406e+00) (1, -8.10866236686706542969e-01) (2, 2.65055632591247558594e+00) (3, 9.88185214996337890625e+00) (4, -8.83526611328125000000e+00) (5, 3.51909303665161132812e+00) (0, -6.97224289178848266602e-02) (1, 2.68094509840011596680e-01) (2, -1.92673668265342712402e-01) (3, -4.87115621566772460938e-01) (4, 6.86993524432182312012e-02) (5, 2.73274093866348266602e-01) (0, 9.71537888050079345703e-01) (1, -7.46219158172607421875e+00) (2, 8.19183826446533203125e+00) (3, -1.28147006034851074219e+00) (4, -2.70833778381347656250e+00) (5, 2.82993626594543457031e+00) (6, 1.03388655185699462891e+00) (7, 1.04715788364410400391e+00) (8, 1.02239227294921875000e+00) (9, 1.06116735935211181641e+00) (10, 1.09630692005157470703e+00) 
