FANN_FLO_2.1
num_layers=3
learning_rate=0.500000
connection_rate=1.000000
network_type=0
learning_momentum=0.000000
training_algorithm=2
train_error_function=1
train_stop_function=0
cascade_output_change_fraction=0.010000
quickprop_decay=-0.000100
quickprop_mu=1.750000
rprop_increase_factor=1.200000
rprop_decrease_factor=0.500000
rprop_delta_min=0.000000
rprop_delta_max=50.000000
rprop_delta_zero=0.100000
cascade_output_stagnation_epochs=12
cascade_candidate_change_fraction=0.010000
cascade_candidate_stagnation_epochs=12
cascade_max_out_epochs=150
cascade_min_out_epochs=50
cascade_max_cand_epochs=150
cascade_min_cand_epochs=50
cascade_num_candidate_groups=2
bit_fail_limit=3.49999994039535522461e-01
cascade_candidate_limit=1.00000000000000000000e+03
cascade_weight_multiplier=4.00000005960464477539e-01
cascade_activation_functions_count=10
cascade_activation_functions=3 5 7 8 10 11 14 15 16 17 
cascade_activation_steepnesses_count=4
cascade_activation_steepnesses=2.50000000000000000000e-01 5.00000000000000000000e-01 7.50000000000000000000e-01 1.00000000000000000000e+00 
layer_sizes=10 3 2 
scale_included=0
neurons (num_inputs, activation_function, activation_steepness)=(0, 0, 0.00000000000000000000e+00) (0, 0, 0.00000000000000000000e+00) (0, 0, 0.00000000000000000000e+00) (0, 0, 0.00000000000000000000e+00) (0, 0, 0.00000000000000000000e+00) (0, 0, 0.00000000000000000000e+00) (0, 0, 0.00000000000000000000e+00) (0, 0, 0.00000000000000000000e+00) (0, 0, 0.00000000000000000000e+00) (0, 0, 0.00000000000000000000e+00) (10, 3, 5.00000000000000000000e-01) (10, 3, 5.00000000000000000000e-01) (0, 3, 0.00000000000000000000e+00) (3, 3, 5.00000000000000000000e-01) (0, 3, 0.00000000000000000000e+00) 
connections (connected_to_neuron, weight)=(0, 5.95791339874267578125e+00) (1, 5.68200969696044921875e+00) (2, 4.49286413192749023438e+00) (3, -2.05815926194190979004e-01) (4, 5.11745631694793701172e-01) (5, -2.94117546081542968750e+00) (6, -8.78439664840698242188e-01) (7, -2.37612133026123046875e+01) (8, -1.46129339933395385742e-01) (9, -3.34762334823608398438e-02) (0, -5.68303346633911132812e+00) (1, 8.55567574501037597656e-01) (2, -2.11138582229614257812e+00) (3, 1.12111520767211914062e+01) (4, -2.52182340621948242188e+00) (5, 5.21139717102050781250e+00) (6, -1.18556320667266845703e+00) (7, 1.44974660873413085938e+01) (8, 3.83690071105957031250e+00) (9, -6.59208154678344726562e+00) (10, 7.62244129180908203125e+00) (11, 3.69751667976379394531e+00) (12, -2.36523866653442382812e+00) 
