FANN_FLO_2.1
num_layers=3
learning_rate=0.500000
connection_rate=1.000000
network_type=0
learning_momentum=0.000000
training_algorithm=2
train_error_function=1
train_stop_function=0
cascade_output_change_fraction=0.010000
quickprop_decay=-0.000100
quickprop_mu=1.750000
rprop_increase_factor=1.200000
rprop_decrease_factor=0.500000
rprop_delta_min=0.000000
rprop_delta_max=50.000000
rprop_delta_zero=0.100000
cascade_output_stagnation_epochs=12
cascade_candidate_change_fraction=0.010000
cascade_candidate_stagnation_epochs=12
cascade_max_out_epochs=150
cascade_min_out_epochs=50
cascade_max_cand_epochs=150
cascade_min_cand_epochs=50
cascade_num_candidate_groups=2
bit_fail_limit=3.49999994039535522461e-01
cascade_candidate_limit=1.00000000000000000000e+03
cascade_weight_multiplier=4.00000005960464477539e-01
cascade_activation_functions_count=10
cascade_activation_functions=3 5 7 8 10 11 14 15 16 17 
cascade_activation_steepnesses_count=4
cascade_activation_steepnesses=2.50000000000000000000e-01 5.00000000000000000000e-01 7.50000000000000000000e-01 1.00000000000000000000e+00 
layer_sizes=6 5 2 
scale_included=0
neurons (num_inputs, activation_function, activation_steepness)=(0, 0, 0.00000000000000000000e+00) (0, 0, 0.00000000000000000000e+00) (0, 0, 0.00000000000000000000e+00) (0, 0, 0.00000000000000000000e+00) (0, 0, 0.00000000000000000000e+00) (0, 0, 0.00000000000000000000e+00) (6, 3, 5.00000000000000000000e-01) (6, 3, 5.00000000000000000000e-01) (6, 3, 5.00000000000000000000e-01) (6, 3, 5.00000000000000000000e-01) (0, 3, 0.00000000000000000000e+00) (5, 0, 5.00000000000000000000e-01) (0, 0, 0.00000000000000000000e+00) 
connections (connected_to_neuron, weight)=(0, 3.21268341064453125000e+02) (1, -1.02336044311523437500e+02) (2, 2.46007537841796875000e+02) (3, -8.19297015666961669922e-01) (4, -7.10197982788085937500e+01) (5, 2.63470029830932617188e+00) (0, -3.65452021360397338867e-01) (1, -5.68136334419250488281e-01) (2, -7.76104211807250976562e-01) (3, -3.02318990230560302734e-01) (4, -3.48235756158828735352e-01) (5, 2.21484571695327758789e-01) (0, 1.11791622638702392578e+00) (1, 4.27805233001708984375e+00) (2, -3.12294459342956542969e+00) (3, -5.29180951416492462158e-02) (4, 5.42687833309173583984e-01) (5, 1.40340411663055419922e+00) (0, 8.17024409770965576172e-01) (1, -1.18546748161315917969e+00) (2, 5.31424045562744140625e+00) (3, 9.14732277393341064453e-01) (4, -9.14939269423484802246e-02) (5, 1.49638044834136962891e+00) (6, 1.03724074363708496094e+00) (7, 9.57358419895172119141e-01) (8, 1.02200198173522949219e+00) (9, 1.03478598594665527344e+00) (10, 9.66042280197143554688e-01) 
