FANN_FLO_2.1
num_layers=3
learning_rate=0.500000
connection_rate=1.000000
network_type=0
learning_momentum=0.000000
training_algorithm=2
train_error_function=1
train_stop_function=0
cascade_output_change_fraction=0.010000
quickprop_decay=-0.000100
quickprop_mu=1.750000
rprop_increase_factor=1.200000
rprop_decrease_factor=0.500000
rprop_delta_min=0.000000
rprop_delta_max=50.000000
rprop_delta_zero=0.100000
cascade_output_stagnation_epochs=12
cascade_candidate_change_fraction=0.010000
cascade_candidate_stagnation_epochs=12
cascade_max_out_epochs=150
cascade_min_out_epochs=50
cascade_max_cand_epochs=150
cascade_min_cand_epochs=50
cascade_num_candidate_groups=2
bit_fail_limit=3.49999994039535522461e-01
cascade_candidate_limit=1.00000000000000000000e+03
cascade_weight_multiplier=4.00000005960464477539e-01
cascade_activation_functions_count=10
cascade_activation_functions=3 5 7 8 10 11 14 15 16 17 
cascade_activation_steepnesses_count=4
cascade_activation_steepnesses=2.50000000000000000000e-01 5.00000000000000000000e-01 7.50000000000000000000e-01 1.00000000000000000000e+00 
layer_sizes=10 5 2 
scale_included=0
neurons (num_inputs, activation_function, activation_steepness)=(0, 0, 0.00000000000000000000e+00) (0, 0, 0.00000000000000000000e+00) (0, 0, 0.00000000000000000000e+00) (0, 0, 0.00000000000000000000e+00) (0, 0, 0.00000000000000000000e+00) (0, 0, 0.00000000000000000000e+00) (0, 0, 0.00000000000000000000e+00) (0, 0, 0.00000000000000000000e+00) (0, 0, 0.00000000000000000000e+00) (0, 0, 0.00000000000000000000e+00) (10, 3, 5.00000000000000000000e-01) (10, 3, 5.00000000000000000000e-01) (10, 3, 5.00000000000000000000e-01) (10, 3, 5.00000000000000000000e-01) (0, 3, 0.00000000000000000000e+00) (5, 3, 5.00000000000000000000e-01) (0, 3, 0.00000000000000000000e+00) 
connections (connected_to_neuron, weight)=(0, 6.05003952980041503906e-01) (1, 1.28145587444305419922e+00) (2, -1.18038022518157958984e+00) (3, -1.78159487247467041016e+00) (4, -8.16578567028045654297e-01) (5, -3.82066583633422851562e+00) (6, -2.83204030990600585938e+00) (7, -4.93400603532791137695e-01) (8, -3.91577029228210449219e+00) (9, 2.88380265235900878906e-01) (0, 8.50116729736328125000e+00) (1, 1.10388069152832031250e+01) (2, 6.79251492023468017578e-01) (3, 9.32276904582977294922e-01) (4, 2.47267648577690124512e-01) (5, -2.79811215400695800781e+00) (6, -3.26597952842712402344e+00) (7, -1.27567529678344726562e+01) (8, -7.93435955047607421875e+00) (9, -1.89568147063255310059e-01) (0, 2.08980488777160644531e+00) (1, -4.18401336669921875000e+00) (2, 4.89957284927368164062e+00) (3, 2.79205965995788574219e+00) (4, 4.49611485004425048828e-01) (5, 4.12369394302368164062e+00) (6, 3.78820323944091796875e+00) (7, 1.09177029132843017578e+00) (8, 3.37983918190002441406e+00) (9, -5.10031986236572265625e+00) (0, 9.48919486999511718750e+00) (1, 1.32021455764770507812e+01) (2, 2.97859287261962890625e+00) (3, 5.03364741802215576172e-01) (4, -1.49920475482940673828e+00) (5, -4.10001468658447265625e+00) (6, -6.51784956455230712891e-01) (7, -1.02603302001953125000e+01) (8, -5.91261339187622070312e+00) (9, 9.53059315681457519531e-01) (10, -6.15777683258056640625e+00) (11, 4.35247802734375000000e+00) (12, 2.39259767532348632812e+00) (13, -3.70812869071960449219e+00) (14, 9.47074234485626220703e-01) 
