FANN_FLO_2.1
num_layers=3
learning_rate=0.500000
connection_rate=1.000000
network_type=0
learning_momentum=0.000000
training_algorithm=2
train_error_function=1
train_stop_function=0
cascade_output_change_fraction=0.010000
quickprop_decay=-0.000100
quickprop_mu=1.750000
rprop_increase_factor=1.200000
rprop_decrease_factor=0.500000
rprop_delta_min=0.000000
rprop_delta_max=50.000000
rprop_delta_zero=0.100000
cascade_output_stagnation_epochs=12
cascade_candidate_change_fraction=0.010000
cascade_candidate_stagnation_epochs=12
cascade_max_out_epochs=150
cascade_min_out_epochs=50
cascade_max_cand_epochs=150
cascade_min_cand_epochs=50
cascade_num_candidate_groups=2
bit_fail_limit=3.49999994039535522461e-01
cascade_candidate_limit=1.00000000000000000000e+03
cascade_weight_multiplier=4.00000005960464477539e-01
cascade_activation_functions_count=10
cascade_activation_functions=3 5 7 8 10 11 14 15 16 17 
cascade_activation_steepnesses_count=4
cascade_activation_steepnesses=2.50000000000000000000e-01 5.00000000000000000000e-01 7.50000000000000000000e-01 1.00000000000000000000e+00 
layer_sizes=10 3 2 
scale_included=0
neurons (num_inputs, activation_function, activation_steepness)=(0, 0, 0.00000000000000000000e+00) (0, 0, 0.00000000000000000000e+00) (0, 0, 0.00000000000000000000e+00) (0, 0, 0.00000000000000000000e+00) (0, 0, 0.00000000000000000000e+00) (0, 0, 0.00000000000000000000e+00) (0, 0, 0.00000000000000000000e+00) (0, 0, 0.00000000000000000000e+00) (0, 0, 0.00000000000000000000e+00) (0, 0, 0.00000000000000000000e+00) (10, 3, 5.00000000000000000000e-01) (10, 3, 5.00000000000000000000e-01) (0, 3, 0.00000000000000000000e+00) (3, 3, 5.00000000000000000000e-01) (0, 3, 0.00000000000000000000e+00) 
connections (connected_to_neuron, weight)=(0, 7.27594757080078125000e+00) (1, 1.63429546356201171875e+01) (2, 5.75416660308837890625e+00) (3, -8.15702915191650390625e-01) (4, 2.87472963333129882812e-01) (5, -1.58847165107727050781e+00) (6, -5.81030511856079101562e+00) (7, -1.71105251312255859375e+01) (8, -5.38382244110107421875e+00) (9, -2.46545886993408203125e+00) (0, -4.29449558258056640625e+00) (1, -6.57242202758789062500e+00) (2, -3.34673237800598144531e+00) (3, -1.21883845329284667969e+00) (4, 7.98997342586517333984e-01) (5, -1.65342640876770019531e+00) (6, 3.68149733543395996094e+00) (7, 8.58624553680419921875e+00) (8, 5.36247301101684570312e+00) (9, -2.56577873229980468750e+00) (10, 3.99034094810485839844e+00) (11, 5.63054227828979492188e+00) (12, -8.51240694522857666016e-01) 
