FANN_FLO_2.1
num_layers=3
learning_rate=0.500000
connection_rate=1.000000
network_type=0
learning_momentum=0.000000
training_algorithm=2
train_error_function=1
train_stop_function=0
cascade_output_change_fraction=0.010000
quickprop_decay=-0.000100
quickprop_mu=1.750000
rprop_increase_factor=1.200000
rprop_decrease_factor=0.500000
rprop_delta_min=0.000000
rprop_delta_max=50.000000
rprop_delta_zero=0.100000
cascade_output_stagnation_epochs=12
cascade_candidate_change_fraction=0.010000
cascade_candidate_stagnation_epochs=12
cascade_max_out_epochs=150
cascade_min_out_epochs=50
cascade_max_cand_epochs=150
cascade_min_cand_epochs=50
cascade_num_candidate_groups=2
bit_fail_limit=3.49999994039535522461e-01
cascade_candidate_limit=1.00000000000000000000e+03
cascade_weight_multiplier=4.00000005960464477539e-01
cascade_activation_functions_count=10
cascade_activation_functions=3 5 7 8 10 11 14 15 16 17 
cascade_activation_steepnesses_count=4
cascade_activation_steepnesses=2.50000000000000000000e-01 5.00000000000000000000e-01 7.50000000000000000000e-01 1.00000000000000000000e+00 
layer_sizes=10 5 2 
scale_included=0
neurons (num_inputs, activation_function, activation_steepness)=(0, 0, 0.00000000000000000000e+00) (0, 0, 0.00000000000000000000e+00) (0, 0, 0.00000000000000000000e+00) (0, 0, 0.00000000000000000000e+00) (0, 0, 0.00000000000000000000e+00) (0, 0, 0.00000000000000000000e+00) (0, 0, 0.00000000000000000000e+00) (0, 0, 0.00000000000000000000e+00) (0, 0, 0.00000000000000000000e+00) (0, 0, 0.00000000000000000000e+00) (10, 3, 5.00000000000000000000e-01) (10, 3, 5.00000000000000000000e-01) (10, 3, 5.00000000000000000000e-01) (10, 3, 5.00000000000000000000e-01) (0, 3, 0.00000000000000000000e+00) (5, 3, 5.00000000000000000000e-01) (0, 3, 0.00000000000000000000e+00) 
connections (connected_to_neuron, weight)=(0, -3.52973937988281250000e+00) (1, 2.05252504348754882812e+00) (2, -3.89999836683273315430e-01) (3, 1.53680772781372070312e+01) (4, 9.95298087596893310547e-01) (5, 1.04304676055908203125e+01) (6, -3.95323920249938964844e+00) (7, 1.06457918882369995117e-01) (8, 5.22428989410400390625e+00) (9, -8.25574684143066406250e+00) (0, -2.34042048454284667969e+00) (1, 2.83665418624877929688e+00) (2, 2.43080779910087585449e-01) (3, 5.42019665241241455078e-01) (4, 1.31716644763946533203e+00) (5, 1.70560646057128906250e+00) (6, 7.80916333198547363281e-01) (7, 1.10667932033538818359e+00) (8, 8.02391648292541503906e-01) (9, -2.03883385658264160156e+00) (0, 1.58384430408477783203e+00) (1, 1.09528083801269531250e+01) (2, 4.16295242309570312500e+00) (3, -4.93268680572509765625e+00) (4, -1.13866174221038818359e+00) (5, 4.44485425949096679688e+00) (6, 8.61202812194824218750e+00) (7, 1.34327068328857421875e+01) (8, -6.23257780075073242188e+00) (9, -7.89226388931274414062e+00) (0, 3.23352313041687011719e+00) (1, 4.83003902435302734375e+00) (2, 3.17767572402954101562e+00) (3, 4.68716049194335937500e+00) (4, -2.05564403533935546875e+00) (5, 6.75755357742309570312e+00) (6, -3.15053486824035644531e+00) (7, 1.08751230239868164062e+01) (8, -6.03406608104705810547e-01) (9, -6.45826292037963867188e+00) (10, 1.94589257240295410156e+00) (11, -4.33885192871093750000e+00) (12, 2.45908069610595703125e+00) (13, 6.14354610443115234375e-01) (14, -2.86267772316932678223e-02) 
