FANN_FLO_2.1
num_layers=3
learning_rate=0.500000
connection_rate=1.000000
network_type=0
learning_momentum=0.000000
training_algorithm=2
train_error_function=1
train_stop_function=0
cascade_output_change_fraction=0.010000
quickprop_decay=-0.000100
quickprop_mu=1.750000
rprop_increase_factor=1.200000
rprop_decrease_factor=0.500000
rprop_delta_min=0.000000
rprop_delta_max=50.000000
rprop_delta_zero=0.100000
cascade_output_stagnation_epochs=12
cascade_candidate_change_fraction=0.010000
cascade_candidate_stagnation_epochs=12
cascade_max_out_epochs=150
cascade_min_out_epochs=50
cascade_max_cand_epochs=150
cascade_min_cand_epochs=50
cascade_num_candidate_groups=2
bit_fail_limit=3.49999994039535522461e-01
cascade_candidate_limit=1.00000000000000000000e+03
cascade_weight_multiplier=4.00000005960464477539e-01
cascade_activation_functions_count=10
cascade_activation_functions=3 5 7 8 10 11 14 15 16 17 
cascade_activation_steepnesses_count=4
cascade_activation_steepnesses=2.50000000000000000000e-01 5.00000000000000000000e-01 7.50000000000000000000e-01 1.00000000000000000000e+00 
layer_sizes=10 5 2 
scale_included=0
neurons (num_inputs, activation_function, activation_steepness)=(0, 0, 0.00000000000000000000e+00) (0, 0, 0.00000000000000000000e+00) (0, 0, 0.00000000000000000000e+00) (0, 0, 0.00000000000000000000e+00) (0, 0, 0.00000000000000000000e+00) (0, 0, 0.00000000000000000000e+00) (0, 0, 0.00000000000000000000e+00) (0, 0, 0.00000000000000000000e+00) (0, 0, 0.00000000000000000000e+00) (0, 0, 0.00000000000000000000e+00) (10, 3, 5.00000000000000000000e-01) (10, 3, 5.00000000000000000000e-01) (10, 3, 5.00000000000000000000e-01) (10, 3, 5.00000000000000000000e-01) (0, 3, 0.00000000000000000000e+00) (5, 3, 5.00000000000000000000e-01) (0, 3, 0.00000000000000000000e+00) 
connections (connected_to_neuron, weight)=(0, 2.77218914031982421875e+00) (1, 1.80232143402099609375e+01) (2, 5.08248376846313476562e+00) (3, -7.01927614212036132812e+00) (4, -1.02496681213378906250e+01) (5, 1.95877516269683837891e+00) (6, -1.35580863952636718750e+01) (7, 3.51954460144042968750e+01) (8, -4.68568038940429687500e+00) (9, -7.90895414352416992188e+00) (0, 1.04041976928710937500e+01) (1, 1.67655873298645019531e+00) (2, -3.72948598861694335938e+00) (3, 4.45766836404800415039e-01) (4, 8.59475517272949218750e+00) (5, 1.73633365631103515625e+01) (6, 1.14370737075805664062e+01) (7, -8.68998718261718750000e+00) (8, 6.43653059005737304688e+00) (9, -1.15606422424316406250e+01) (0, -5.70016384124755859375e-01) (1, 3.57371640205383300781e+00) (2, 4.29283809661865234375e+00) (3, 2.10926488041877746582e-01) (4, 1.47866792678833007812e+01) (5, 3.35888218879699707031e+00) (6, 7.00295591354370117188e+00) (7, 8.27946472167968750000e+00) (8, -9.63681030273437500000e+00) (9, -7.15963315963745117188e+00) (0, 5.68378448486328125000e+00) (1, -2.57845997810363769531e+00) (2, 2.59000658988952636719e+00) (3, 1.44711589813232421875e+00) (4, 5.31522560119628906250e+00) (5, 8.14800739288330078125e+00) (6, 7.79316806793212890625e+00) (7, -6.74559354782104492188e+00) (8, 3.73444676399230957031e+00) (9, -6.40637540817260742188e+00) (10, 9.47333872318267822266e-01) (11, 1.34962511062622070312e+00) (12, 1.99905797839164733887e-01) (13, 3.83829623460769653320e-01) (14, -1.32884728908538818359e+00) 
