FANN_FLO_2.1
num_layers=3
learning_rate=0.500000
connection_rate=1.000000
network_type=0
learning_momentum=0.000000
training_algorithm=2
train_error_function=1
train_stop_function=0
cascade_output_change_fraction=0.010000
quickprop_decay=-0.000100
quickprop_mu=1.750000
rprop_increase_factor=1.200000
rprop_decrease_factor=0.500000
rprop_delta_min=0.000000
rprop_delta_max=50.000000
rprop_delta_zero=0.100000
cascade_output_stagnation_epochs=12
cascade_candidate_change_fraction=0.010000
cascade_candidate_stagnation_epochs=12
cascade_max_out_epochs=150
cascade_min_out_epochs=50
cascade_max_cand_epochs=150
cascade_min_cand_epochs=50
cascade_num_candidate_groups=2
bit_fail_limit=3.49999994039535522461e-01
cascade_candidate_limit=1.00000000000000000000e+03
cascade_weight_multiplier=4.00000005960464477539e-01
cascade_activation_functions_count=10
cascade_activation_functions=3 5 7 8 10 11 14 15 16 17 
cascade_activation_steepnesses_count=4
cascade_activation_steepnesses=2.50000000000000000000e-01 5.00000000000000000000e-01 7.50000000000000000000e-01 1.00000000000000000000e+00 
layer_sizes=6 5 2 
scale_included=0
neurons (num_inputs, activation_function, activation_steepness)=(0, 0, 0.00000000000000000000e+00) (0, 0, 0.00000000000000000000e+00) (0, 0, 0.00000000000000000000e+00) (0, 0, 0.00000000000000000000e+00) (0, 0, 0.00000000000000000000e+00) (0, 0, 0.00000000000000000000e+00) (6, 3, 5.00000000000000000000e-01) (6, 3, 5.00000000000000000000e-01) (6, 3, 5.00000000000000000000e-01) (6, 3, 5.00000000000000000000e-01) (0, 3, 0.00000000000000000000e+00) (5, 0, 5.00000000000000000000e-01) (0, 0, 0.00000000000000000000e+00) 
connections (connected_to_neuron, weight)=(0, -1.26659557223320007324e-01) (1, 8.80597606301307678223e-02) (2, -5.42134270071983337402e-02) (3, 6.74368590116500854492e-02) (4, 1.02895433083176612854e-02) (5, 3.28797578811645507812e-01) (0, -5.59429079294204711914e-02) (1, -9.51236337423324584961e-02) (2, -4.85755875706672668457e-02) (3, 2.38581504672765731812e-02) (4, 1.62150245159864425659e-02) (5, 3.24477195739746093750e-01) (0, 1.51690274477005004883e-01) (1, 1.45180091261863708496e-01) (2, -2.94726133346557617188e-01) (3, 4.99799177050590515137e-02) (4, 6.09757862985134124756e-02) (5, 2.58381307125091552734e-01) (0, 1.21781504154205322266e+00) (1, -8.05652046203613281250e+00) (2, 6.73310565948486328125e+00) (3, -1.68821012973785400391e+00) (4, 1.32815468311309814453e+00) (5, 3.37307143211364746094e+00) (6, 1.17926764488220214844e+00) (7, 1.09623575210571289062e+00) (8, 1.13935911655426025391e+00) (9, 1.21468889713287353516e+00) (10, 1.18769848346710205078e+00) 
