FANN_FLO_2.1
num_layers=3
learning_rate=0.500000
connection_rate=1.000000
network_type=0
learning_momentum=0.000000
training_algorithm=2
train_error_function=1
train_stop_function=0
cascade_output_change_fraction=0.010000
quickprop_decay=-0.000100
quickprop_mu=1.750000
rprop_increase_factor=1.200000
rprop_decrease_factor=0.500000
rprop_delta_min=0.000000
rprop_delta_max=50.000000
rprop_delta_zero=0.100000
cascade_output_stagnation_epochs=12
cascade_candidate_change_fraction=0.010000
cascade_candidate_stagnation_epochs=12
cascade_max_out_epochs=150
cascade_min_out_epochs=50
cascade_max_cand_epochs=150
cascade_min_cand_epochs=50
cascade_num_candidate_groups=2
bit_fail_limit=3.49999994039535522461e-01
cascade_candidate_limit=1.00000000000000000000e+03
cascade_weight_multiplier=4.00000005960464477539e-01
cascade_activation_functions_count=10
cascade_activation_functions=3 5 7 8 10 11 14 15 16 17 
cascade_activation_steepnesses_count=4
cascade_activation_steepnesses=2.50000000000000000000e-01 5.00000000000000000000e-01 7.50000000000000000000e-01 1.00000000000000000000e+00 
layer_sizes=6 5 2 
scale_included=0
neurons (num_inputs, activation_function, activation_steepness)=(0, 0, 0.00000000000000000000e+00) (0, 0, 0.00000000000000000000e+00) (0, 0, 0.00000000000000000000e+00) (0, 0, 0.00000000000000000000e+00) (0, 0, 0.00000000000000000000e+00) (0, 0, 0.00000000000000000000e+00) (6, 3, 5.00000000000000000000e-01) (6, 3, 5.00000000000000000000e-01) (6, 3, 5.00000000000000000000e-01) (6, 3, 5.00000000000000000000e-01) (0, 3, 0.00000000000000000000e+00) (5, 0, 5.00000000000000000000e-01) (0, 0, 0.00000000000000000000e+00) 
connections (connected_to_neuron, weight)=(0, 1.74360707402229309082e-01) (1, 4.93202686309814453125e+00) (2, -6.49535131454467773438e+00) (3, 6.08631134033203125000e+00) (4, 5.38057327270507812500e+00) (5, 3.83249783515930175781e+00) (0, 6.38666749000549316406e-02) (1, -3.34102869033813476562e-01) (2, 4.33386981487274169922e-01) (3, -1.94383978843688964844e-01) (4, -4.36251521110534667969e-01) (5, 3.44155788421630859375e-01) (0, -3.10099981725215911865e-02) (1, -6.23511783778667449951e-02) (2, 1.70194134116172790527e-01) (3, -1.45942255854606628418e-01) (4, -5.52165741100907325745e-03) (5, 3.25941503047943115234e-01) (0, -5.62793016433715820312e-02) (1, -1.41826942563056945801e-01) (2, -9.45267081260681152344e-03) (3, -2.83005744218826293945e-01) (4, -7.25094834342598915100e-03) (5, 2.33765780925750732422e-01) (6, 1.21072912216186523438e+00) (7, 1.09814500808715820312e+00) (8, 1.07875990867614746094e+00) (9, 1.14145863056182861328e+00) (10, 1.25965821743011474609e+00) 
