FANN_FLO_2.1
num_layers=3
learning_rate=0.500000
connection_rate=1.000000
network_type=0
learning_momentum=0.000000
training_algorithm=2
train_error_function=1
train_stop_function=0
cascade_output_change_fraction=0.010000
quickprop_decay=-0.000100
quickprop_mu=1.750000
rprop_increase_factor=1.200000
rprop_decrease_factor=0.500000
rprop_delta_min=0.000000
rprop_delta_max=50.000000
rprop_delta_zero=0.100000
cascade_output_stagnation_epochs=12
cascade_candidate_change_fraction=0.010000
cascade_candidate_stagnation_epochs=12
cascade_max_out_epochs=150
cascade_min_out_epochs=50
cascade_max_cand_epochs=150
cascade_min_cand_epochs=50
cascade_num_candidate_groups=2
bit_fail_limit=3.49999994039535522461e-01
cascade_candidate_limit=1.00000000000000000000e+03
cascade_weight_multiplier=4.00000005960464477539e-01
cascade_activation_functions_count=10
cascade_activation_functions=3 5 7 8 10 11 14 15 16 17 
cascade_activation_steepnesses_count=4
cascade_activation_steepnesses=2.50000000000000000000e-01 5.00000000000000000000e-01 7.50000000000000000000e-01 1.00000000000000000000e+00 
layer_sizes=6 5 2 
scale_included=0
neurons (num_inputs, activation_function, activation_steepness)=(0, 0, 0.00000000000000000000e+00) (0, 0, 0.00000000000000000000e+00) (0, 0, 0.00000000000000000000e+00) (0, 0, 0.00000000000000000000e+00) (0, 0, 0.00000000000000000000e+00) (0, 0, 0.00000000000000000000e+00) (6, 3, 5.00000000000000000000e-01) (6, 3, 5.00000000000000000000e-01) (6, 3, 5.00000000000000000000e-01) (6, 3, 5.00000000000000000000e-01) (0, 3, 0.00000000000000000000e+00) (5, 0, 5.00000000000000000000e-01) (0, 0, 0.00000000000000000000e+00) 
connections (connected_to_neuron, weight)=(0, 1.30255329608917236328e+00) (1, -1.45380795001983642578e+00) (2, -1.06408596038818359375e+01) (3, 5.74977350234985351562e+00) (4, -1.34890308380126953125e+01) (5, 3.39808726310729980469e+00) (0, 1.08404719829559326172e+00) (1, -7.86101102828979492188e+00) (2, 3.61573886871337890625e+00) (3, -7.63539075851440429688e+00) (4, -6.19538450241088867188e+00) (5, 2.96738791465759277344e+00) (0, -1.65642842650413513184e-01) (1, -2.95262396335601806641e-01) (2, 6.07745766639709472656e-01) (3, 3.46781551837921142578e-01) (4, 1.65956020355224609375e-01) (5, 1.75848588347434997559e-01) (0, 8.99286091327667236328e-01) (1, 5.13887834548950195312e+00) (2, -4.42127561569213867188e+00) (3, -1.91036701202392578125e+00) (4, 2.10163784027099609375e+00) (5, 2.09973120689392089844e+00) (6, 1.04037082195281982422e+00) (7, 9.80579197406768798828e-01) (8, 9.16031002998352050781e-01) (9, 1.06116211414337158203e+00) (10, 8.75470399856567382812e-01) 
