FANN_FLO_2.1
num_layers=3
learning_rate=0.500000
connection_rate=1.000000
network_type=0
learning_momentum=0.000000
training_algorithm=2
train_error_function=1
train_stop_function=0
cascade_output_change_fraction=0.010000
quickprop_decay=-0.000100
quickprop_mu=1.750000
rprop_increase_factor=1.200000
rprop_decrease_factor=0.500000
rprop_delta_min=0.000000
rprop_delta_max=50.000000
rprop_delta_zero=0.100000
cascade_output_stagnation_epochs=12
cascade_candidate_change_fraction=0.010000
cascade_candidate_stagnation_epochs=12
cascade_max_out_epochs=150
cascade_min_out_epochs=50
cascade_max_cand_epochs=150
cascade_min_cand_epochs=50
cascade_num_candidate_groups=2
bit_fail_limit=3.49999994039535522461e-01
cascade_candidate_limit=1.00000000000000000000e+03
cascade_weight_multiplier=4.00000005960464477539e-01
cascade_activation_functions_count=10
cascade_activation_functions=3 5 7 8 10 11 14 15 16 17 
cascade_activation_steepnesses_count=4
cascade_activation_steepnesses=2.50000000000000000000e-01 5.00000000000000000000e-01 7.50000000000000000000e-01 1.00000000000000000000e+00 
layer_sizes=6 5 2 
scale_included=0
neurons (num_inputs, activation_function, activation_steepness)=(0, 0, 0.00000000000000000000e+00) (0, 0, 0.00000000000000000000e+00) (0, 0, 0.00000000000000000000e+00) (0, 0, 0.00000000000000000000e+00) (0, 0, 0.00000000000000000000e+00) (0, 0, 0.00000000000000000000e+00) (6, 3, 5.00000000000000000000e-01) (6, 3, 5.00000000000000000000e-01) (6, 3, 5.00000000000000000000e-01) (6, 3, 5.00000000000000000000e-01) (0, 3, 0.00000000000000000000e+00) (5, 0, 5.00000000000000000000e-01) (0, 0, 0.00000000000000000000e+00) 
connections (connected_to_neuron, weight)=(0, -2.42807641625404357910e-02) (1, 1.13479018211364746094e-01) (2, -7.46912509202957153320e-02) (3, 1.59207522869110107422e-01) (4, 1.42121508717536926270e-01) (5, 3.54149281978607177734e-01) (0, 4.83256191015243530273e-01) (1, 5.84507226943969726562e+00) (2, -2.59949035644531250000e+01) (3, -2.82989978790283203125e-01) (4, -9.95468616485595703125e-01) (5, 9.19289302825927734375e+00) (0, 1.87484510242938995361e-02) (1, -8.86541306972503662109e-02) (2, 7.08407461643218994141e-02) (3, 6.97124889120459556580e-03) (4, 1.03287920355796813965e-01) (5, 2.44940966367721557617e-01) (0, -1.63543187081813812256e-02) (1, -1.10478945076465606689e-01) (2, 6.48623853921890258789e-02) (3, 3.42027284204959869385e-04) (4, -4.11905758082866668701e-02) (5, 3.00398439168930053711e-01) (6, 1.16166150569915771484e+00) (7, 1.23954606056213378906e+00) (8, 1.14004993438720703125e+00) (9, 1.09589469432830810547e+00) (10, 1.16053187847137451172e+00) 
