FANN_FLO_2.1
num_layers=3
learning_rate=0.500000
connection_rate=1.000000
network_type=0
learning_momentum=0.000000
training_algorithm=2
train_error_function=1
train_stop_function=0
cascade_output_change_fraction=0.010000
quickprop_decay=-0.000100
quickprop_mu=1.750000
rprop_increase_factor=1.200000
rprop_decrease_factor=0.500000
rprop_delta_min=0.000000
rprop_delta_max=50.000000
rprop_delta_zero=0.100000
cascade_output_stagnation_epochs=12
cascade_candidate_change_fraction=0.010000
cascade_candidate_stagnation_epochs=12
cascade_max_out_epochs=150
cascade_min_out_epochs=50
cascade_max_cand_epochs=150
cascade_min_cand_epochs=50
cascade_num_candidate_groups=2
bit_fail_limit=3.49999994039535522461e-01
cascade_candidate_limit=1.00000000000000000000e+03
cascade_weight_multiplier=4.00000005960464477539e-01
cascade_activation_functions_count=10
cascade_activation_functions=3 5 7 8 10 11 14 15 16 17 
cascade_activation_steepnesses_count=4
cascade_activation_steepnesses=2.50000000000000000000e-01 5.00000000000000000000e-01 7.50000000000000000000e-01 1.00000000000000000000e+00 
layer_sizes=10 3 2 
scale_included=0
neurons (num_inputs, activation_function, activation_steepness)=(0, 0, 0.00000000000000000000e+00) (0, 0, 0.00000000000000000000e+00) (0, 0, 0.00000000000000000000e+00) (0, 0, 0.00000000000000000000e+00) (0, 0, 0.00000000000000000000e+00) (0, 0, 0.00000000000000000000e+00) (0, 0, 0.00000000000000000000e+00) (0, 0, 0.00000000000000000000e+00) (0, 0, 0.00000000000000000000e+00) (0, 0, 0.00000000000000000000e+00) (10, 3, 5.00000000000000000000e-01) (10, 3, 5.00000000000000000000e-01) (0, 3, 0.00000000000000000000e+00) (3, 3, 5.00000000000000000000e-01) (0, 3, 0.00000000000000000000e+00) 
connections (connected_to_neuron, weight)=(0, 3.55314588546752929688e+00) (1, 3.05954980850219726562e+00) (2, 1.26345634460449218750e+01) (3, 3.43571257591247558594e+00) (4, 8.35753154754638671875e+00) (5, -5.93372392654418945312e+00) (6, 4.29458332061767578125e+00) (7, 9.11036109924316406250e+00) (8, 4.66774368286132812500e+00) (9, -1.23149919509887695312e+01) (0, 2.64915156364440917969e+00) (1, 4.48327922821044921875e+00) (2, 1.08152351379394531250e+01) (3, 3.48451733589172363281e+00) (4, 6.01992988586425781250e+00) (5, -4.22416496276855468750e+00) (6, 6.24431800842285156250e+00) (7, 7.41310882568359375000e+00) (8, 4.33897495269775390625e+00) (9, -1.17957115173339843750e+01) (10, 1.06084907054901123047e+00) (11, 1.13742399215698242188e+00) (12, -8.11594426631927490234e-01) 
