FANN_FLO_2.1
num_layers=3
learning_rate=0.500000
connection_rate=1.000000
network_type=0
learning_momentum=0.000000
training_algorithm=2
train_error_function=1
train_stop_function=0
cascade_output_change_fraction=0.010000
quickprop_decay=-0.000100
quickprop_mu=1.750000
rprop_increase_factor=1.200000
rprop_decrease_factor=0.500000
rprop_delta_min=0.000000
rprop_delta_max=50.000000
rprop_delta_zero=0.100000
cascade_output_stagnation_epochs=12
cascade_candidate_change_fraction=0.010000
cascade_candidate_stagnation_epochs=12
cascade_max_out_epochs=150
cascade_min_out_epochs=50
cascade_max_cand_epochs=150
cascade_min_cand_epochs=50
cascade_num_candidate_groups=2
bit_fail_limit=3.49999994039535522461e-01
cascade_candidate_limit=1.00000000000000000000e+03
cascade_weight_multiplier=4.00000005960464477539e-01
cascade_activation_functions_count=10
cascade_activation_functions=3 5 7 8 10 11 14 15 16 17 
cascade_activation_steepnesses_count=4
cascade_activation_steepnesses=2.50000000000000000000e-01 5.00000000000000000000e-01 7.50000000000000000000e-01 1.00000000000000000000e+00 
layer_sizes=10 3 2 
scale_included=0
neurons (num_inputs, activation_function, activation_steepness)=(0, 0, 0.00000000000000000000e+00) (0, 0, 0.00000000000000000000e+00) (0, 0, 0.00000000000000000000e+00) (0, 0, 0.00000000000000000000e+00) (0, 0, 0.00000000000000000000e+00) (0, 0, 0.00000000000000000000e+00) (0, 0, 0.00000000000000000000e+00) (0, 0, 0.00000000000000000000e+00) (0, 0, 0.00000000000000000000e+00) (0, 0, 0.00000000000000000000e+00) (10, 3, 5.00000000000000000000e-01) (10, 3, 5.00000000000000000000e-01) (0, 3, 0.00000000000000000000e+00) (3, 3, 5.00000000000000000000e-01) (0, 3, 0.00000000000000000000e+00) 
connections (connected_to_neuron, weight)=(0, 7.99744427204132080078e-01) (1, 8.61471366882324218750e+00) (2, 6.42976713180541992188e+00) (3, -5.15116691589355468750e+00) (4, 1.17691826820373535156e+00) (5, 5.85102701187133789062e+00) (6, -7.95610380172729492188e+00) (7, -7.28919982910156250000e+00) (8, -1.46750450134277343750e-01) (9, -3.55875015258789062500e+00) (0, 4.59271430969238281250e+00) (1, -1.58469371795654296875e+01) (2, -1.65672454833984375000e+01) (3, 7.60046720504760742188e+00) (4, -6.87761783599853515625e+00) (5, -3.08889007568359375000e+00) (6, 8.67512893676757812500e+00) (7, 1.72344169616699218750e+01) (8, 4.28394365310668945312e+00) (9, -3.42241644859313964844e+00) (10, 4.92816686630249023438e+00) (11, 3.59296870231628417969e+00) (12, -5.01769006252288818359e-01) 
