FANN_FLO_2.1
num_layers=3
learning_rate=0.500000
connection_rate=1.000000
network_type=0
learning_momentum=0.000000
training_algorithm=2
train_error_function=1
train_stop_function=0
cascade_output_change_fraction=0.010000
quickprop_decay=-0.000100
quickprop_mu=1.750000
rprop_increase_factor=1.200000
rprop_decrease_factor=0.500000
rprop_delta_min=0.000000
rprop_delta_max=50.000000
rprop_delta_zero=0.100000
cascade_output_stagnation_epochs=12
cascade_candidate_change_fraction=0.010000
cascade_candidate_stagnation_epochs=12
cascade_max_out_epochs=150
cascade_min_out_epochs=50
cascade_max_cand_epochs=150
cascade_min_cand_epochs=50
cascade_num_candidate_groups=2
bit_fail_limit=3.49999994039535522461e-01
cascade_candidate_limit=1.00000000000000000000e+03
cascade_weight_multiplier=4.00000005960464477539e-01
cascade_activation_functions_count=10
cascade_activation_functions=3 5 7 8 10 11 14 15 16 17 
cascade_activation_steepnesses_count=4
cascade_activation_steepnesses=2.50000000000000000000e-01 5.00000000000000000000e-01 7.50000000000000000000e-01 1.00000000000000000000e+00 
layer_sizes=6 5 2 
scale_included=0
neurons (num_inputs, activation_function, activation_steepness)=(0, 0, 0.00000000000000000000e+00) (0, 0, 0.00000000000000000000e+00) (0, 0, 0.00000000000000000000e+00) (0, 0, 0.00000000000000000000e+00) (0, 0, 0.00000000000000000000e+00) (0, 0, 0.00000000000000000000e+00) (6, 3, 5.00000000000000000000e-01) (6, 3, 5.00000000000000000000e-01) (6, 3, 5.00000000000000000000e-01) (6, 3, 5.00000000000000000000e-01) (0, 3, 0.00000000000000000000e+00) (5, 0, 5.00000000000000000000e-01) (0, 0, 0.00000000000000000000e+00) 
connections (connected_to_neuron, weight)=(0, 2.06118643283843994141e-01) (1, 5.44538831710815429688e+00) (2, 5.98367974162101745605e-02) (3, 9.00799560546875000000e+00) (4, -1.91953659057617187500e+00) (5, 4.64792680740356445312e+00) (0, 3.44957113265991210938e-01) (1, 3.40799212455749511719e+00) (2, 6.22431850433349609375e+00) (3, -1.97010666131973266602e-01) (4, 1.21521353721618652344e+00) (5, 3.51808881759643554688e+00) (0, 6.73059523105621337891e-01) (1, -7.43656635284423828125e+00) (2, 4.91751098632812500000e+00) (3, -7.45224237442016601562e+00) (4, 6.52590572834014892578e-01) (5, 3.28425955772399902344e+00) (0, -9.92069095373153686523e-02) (1, 6.36851370334625244141e-01) (2, -7.30728054046630859375e+00) (3, 8.53464126586914062500e-01) (4, 5.99312663078308105469e-01) (5, 3.79265451431274414062e+00) (6, 9.35393750667572021484e-01) (7, 9.32595729827880859375e-01) (8, 8.64763379096984863281e-01) (9, 8.97486329078674316406e-01) (10, 7.76987791061401367188e-01) 
