FANN_FLO_2.1
num_layers=3
learning_rate=0.500000
connection_rate=1.000000
network_type=0
learning_momentum=0.000000
training_algorithm=2
train_error_function=1
train_stop_function=0
cascade_output_change_fraction=0.010000
quickprop_decay=-0.000100
quickprop_mu=1.750000
rprop_increase_factor=1.200000
rprop_decrease_factor=0.500000
rprop_delta_min=0.000000
rprop_delta_max=50.000000
rprop_delta_zero=0.100000
cascade_output_stagnation_epochs=12
cascade_candidate_change_fraction=0.010000
cascade_candidate_stagnation_epochs=12
cascade_max_out_epochs=150
cascade_min_out_epochs=50
cascade_max_cand_epochs=150
cascade_min_cand_epochs=50
cascade_num_candidate_groups=2
bit_fail_limit=3.49999994039535522461e-01
cascade_candidate_limit=1.00000000000000000000e+03
cascade_weight_multiplier=4.00000005960464477539e-01
cascade_activation_functions_count=10
cascade_activation_functions=3 5 7 8 10 11 14 15 16 17 
cascade_activation_steepnesses_count=4
cascade_activation_steepnesses=2.50000000000000000000e-01 5.00000000000000000000e-01 7.50000000000000000000e-01 1.00000000000000000000e+00 
layer_sizes=6 5 2 
scale_included=0
neurons (num_inputs, activation_function, activation_steepness)=(0, 0, 0.00000000000000000000e+00) (0, 0, 0.00000000000000000000e+00) (0, 0, 0.00000000000000000000e+00) (0, 0, 0.00000000000000000000e+00) (0, 0, 0.00000000000000000000e+00) (0, 0, 0.00000000000000000000e+00) (6, 3, 5.00000000000000000000e-01) (6, 3, 5.00000000000000000000e-01) (6, 3, 5.00000000000000000000e-01) (6, 3, 5.00000000000000000000e-01) (0, 3, 0.00000000000000000000e+00) (5, 0, 5.00000000000000000000e-01) (0, 0, 0.00000000000000000000e+00) 
connections (connected_to_neuron, weight)=(0, 1.36226415634155273438e+00) (1, 6.97560596466064453125e+00) (2, 1.05811090469360351562e+01) (3, -2.43062534332275390625e+01) (4, -1.78574485778808593750e+01) (5, 3.34114146232604980469e+00) (0, -2.58520431816577911377e-02) (1, 1.92136079072952270508e-01) (2, -6.38476619496941566467e-03) (3, 3.19399088621139526367e-01) (4, 3.69466483592987060547e-01) (5, 4.16876703500747680664e-01) (0, 1.29064190387725830078e+00) (1, 3.23690176010131835938e+00) (2, -1.50146903991699218750e+01) (3, -4.11939954757690429688e+00) (4, -1.31707649230957031250e+01) (5, 3.78035545349121093750e+00) (0, -2.81843990087509155273e-02) (1, -4.54422980546951293945e-01) (2, 8.10520425438880920410e-02) (3, 2.87745833396911621094e-01) (4, 2.77699351310729980469e-01) (5, 3.71435195207595825195e-01) (6, 1.07442820072174072266e+00) (7, 1.00969004631042480469e+00) (8, 1.06608664989471435547e+00) (9, 1.03887629508972167969e+00) (10, 1.01064848899841308594e+00) 
