FANN_FLO_2.1
num_layers=3
learning_rate=0.500000
connection_rate=1.000000
network_type=0
learning_momentum=0.000000
training_algorithm=2
train_error_function=1
train_stop_function=0
cascade_output_change_fraction=0.010000
quickprop_decay=-0.000100
quickprop_mu=1.750000
rprop_increase_factor=1.200000
rprop_decrease_factor=0.500000
rprop_delta_min=0.000000
rprop_delta_max=50.000000
rprop_delta_zero=0.100000
cascade_output_stagnation_epochs=12
cascade_candidate_change_fraction=0.010000
cascade_candidate_stagnation_epochs=12
cascade_max_out_epochs=150
cascade_min_out_epochs=50
cascade_max_cand_epochs=150
cascade_min_cand_epochs=50
cascade_num_candidate_groups=2
bit_fail_limit=3.49999994039535522461e-01
cascade_candidate_limit=1.00000000000000000000e+03
cascade_weight_multiplier=4.00000005960464477539e-01
cascade_activation_functions_count=10
cascade_activation_functions=3 5 7 8 10 11 14 15 16 17 
cascade_activation_steepnesses_count=4
cascade_activation_steepnesses=2.50000000000000000000e-01 5.00000000000000000000e-01 7.50000000000000000000e-01 1.00000000000000000000e+00 
layer_sizes=10 5 2 
scale_included=0
neurons (num_inputs, activation_function, activation_steepness)=(0, 0, 0.00000000000000000000e+00) (0, 0, 0.00000000000000000000e+00) (0, 0, 0.00000000000000000000e+00) (0, 0, 0.00000000000000000000e+00) (0, 0, 0.00000000000000000000e+00) (0, 0, 0.00000000000000000000e+00) (0, 0, 0.00000000000000000000e+00) (0, 0, 0.00000000000000000000e+00) (0, 0, 0.00000000000000000000e+00) (0, 0, 0.00000000000000000000e+00) (10, 3, 5.00000000000000000000e-01) (10, 3, 5.00000000000000000000e-01) (10, 3, 5.00000000000000000000e-01) (10, 3, 5.00000000000000000000e-01) (0, 3, 0.00000000000000000000e+00) (5, 3, 5.00000000000000000000e-01) (0, 3, 0.00000000000000000000e+00) 
connections (connected_to_neuron, weight)=(0, 2.04339265823364257812e+00) (1, 2.22245216369628906250e-01) (2, 1.31660251617431640625e+01) (3, 3.68227696418762207031e+00) (4, -1.41334903240203857422e+00) (5, 5.50158262252807617188e+00) (6, 5.89502906799316406250e+00) (7, 1.06303472518920898438e+01) (8, -1.43472290039062500000e+00) (9, -1.11918439865112304688e+01) (0, 1.43582582473754882812e+00) (1, 1.75570142269134521484e+00) (2, 7.13977956771850585938e+00) (3, 4.36666727066040039062e-01) (4, 1.51862096786499023438e+00) (5, 6.14667987823486328125e+00) (6, 3.53117156028747558594e+00) (7, 9.41013145446777343750e+00) (8, -4.30576181411743164062e+00) (9, -7.94661808013916015625e+00) (0, 3.02834153175354003906e+00) (1, -5.02682924270629882812e+00) (2, 1.15731344223022460938e+01) (3, 1.15021343231201171875e+01) (4, 1.71004962921142578125e+00) (5, 1.01277790069580078125e+01) (6, 7.98538303375244140625e+00) (7, -7.68207550048828125000e-01) (8, 1.61287263035774230957e-01) (9, -1.21979808807373046875e+01) (0, -7.06676900386810302734e-01) (1, 1.70876255035400390625e+01) (2, 2.82253789901733398438e+00) (3, -5.30014133453369140625e+00) (4, 2.07348871231079101562e+00) (5, 5.78674268722534179688e+00) (6, 6.65152406692504882812e+00) (7, 1.54509239196777343750e+01) (8, -9.59872150421142578125e+00) (9, -8.65134429931640625000e+00) (10, 5.12546241283416748047e-01) (11, -2.00291961431503295898e-01) (12, 9.96451437473297119141e-01) (13, 1.09971868991851806641e+00) (14, -9.24425423145294189453e-01) 
