FANN_FLO_2.1
num_layers=3
learning_rate=0.500000
connection_rate=1.000000
network_type=0
learning_momentum=0.000000
training_algorithm=2
train_error_function=1
train_stop_function=0
cascade_output_change_fraction=0.010000
quickprop_decay=-0.000100
quickprop_mu=1.750000
rprop_increase_factor=1.200000
rprop_decrease_factor=0.500000
rprop_delta_min=0.000000
rprop_delta_max=50.000000
rprop_delta_zero=0.100000
cascade_output_stagnation_epochs=12
cascade_candidate_change_fraction=0.010000
cascade_candidate_stagnation_epochs=12
cascade_max_out_epochs=150
cascade_min_out_epochs=50
cascade_max_cand_epochs=150
cascade_min_cand_epochs=50
cascade_num_candidate_groups=2
bit_fail_limit=3.49999994039535522461e-01
cascade_candidate_limit=1.00000000000000000000e+03
cascade_weight_multiplier=4.00000005960464477539e-01
cascade_activation_functions_count=10
cascade_activation_functions=3 5 7 8 10 11 14 15 16 17 
cascade_activation_steepnesses_count=4
cascade_activation_steepnesses=2.50000000000000000000e-01 5.00000000000000000000e-01 7.50000000000000000000e-01 1.00000000000000000000e+00 
layer_sizes=10 5 2 
scale_included=0
neurons (num_inputs, activation_function, activation_steepness)=(0, 0, 0.00000000000000000000e+00) (0, 0, 0.00000000000000000000e+00) (0, 0, 0.00000000000000000000e+00) (0, 0, 0.00000000000000000000e+00) (0, 0, 0.00000000000000000000e+00) (0, 0, 0.00000000000000000000e+00) (0, 0, 0.00000000000000000000e+00) (0, 0, 0.00000000000000000000e+00) (0, 0, 0.00000000000000000000e+00) (0, 0, 0.00000000000000000000e+00) (10, 3, 5.00000000000000000000e-01) (10, 3, 5.00000000000000000000e-01) (10, 3, 5.00000000000000000000e-01) (10, 3, 5.00000000000000000000e-01) (0, 3, 0.00000000000000000000e+00) (5, 3, 5.00000000000000000000e-01) (0, 3, 0.00000000000000000000e+00) 
connections (connected_to_neuron, weight)=(0, 1.61949863433837890625e+01) (1, 6.29607105255126953125e+00) (2, -7.97233343124389648438e+00) (3, -5.56218147277832031250e+00) (4, 1.07713147997856140137e-01) (5, 4.99668169021606445312e+00) (6, -1.57537488937377929688e+01) (7, 1.70779132843017578125e+01) (8, 5.88312530517578125000e+00) (9, -5.49215221405029296875e+00) (0, -7.72943162918090820312e+00) (1, 2.21230030059814453125e+00) (2, 4.66285181045532226562e+00) (3, 1.50975828170776367188e+01) (4, 2.61425995826721191406e+00) (5, 7.07978057861328125000e+00) (6, 4.90411996841430664062e+00) (7, -1.90365099906921386719e+00) (8, -1.13834834098815917969e+00) (9, -7.04023647308349609375e+00) (0, -1.55972197651863098145e-01) (1, 2.75683975219726562500e+00) (2, -1.11585938930511474609e+00) (3, 9.71496105194091796875e+00) (4, 2.25996065139770507812e+00) (5, 6.15834093093872070312e+00) (6, 2.58485496044158935547e-01) (7, 1.94497323036193847656e+00) (8, 1.67769658565521240234e+00) (9, -6.37153577804565429688e+00) (0, -3.90314888954162597656e+00) (1, 1.43340835571289062500e+01) (2, 1.04657232761383056641e-01) (3, 7.49007225036621093750e+00) (4, -1.03269433975219726562e+01) (5, 5.21962690353393554688e+00) (6, 6.44178056716918945312e+00) (7, 5.05324459075927734375e+00) (8, 1.37449193000793457031e+00) (9, -6.01638078689575195312e+00) (10, 8.58889579772949218750e-01) (11, 8.13829898834228515625e-01) (12, 3.61863106489181518555e-01) (13, 6.13292396068572998047e-01) (14, -1.21519291400909423828e+00) 
