FANN_FLO_2.1
num_layers=3
learning_rate=0.500000
connection_rate=1.000000
network_type=0
learning_momentum=0.000000
training_algorithm=2
train_error_function=1
train_stop_function=0
cascade_output_change_fraction=0.010000
quickprop_decay=-0.000100
quickprop_mu=1.750000
rprop_increase_factor=1.200000
rprop_decrease_factor=0.500000
rprop_delta_min=0.000000
rprop_delta_max=50.000000
rprop_delta_zero=0.100000
cascade_output_stagnation_epochs=12
cascade_candidate_change_fraction=0.010000
cascade_candidate_stagnation_epochs=12
cascade_max_out_epochs=150
cascade_min_out_epochs=50
cascade_max_cand_epochs=150
cascade_min_cand_epochs=50
cascade_num_candidate_groups=2
bit_fail_limit=3.49999994039535522461e-01
cascade_candidate_limit=1.00000000000000000000e+03
cascade_weight_multiplier=4.00000005960464477539e-01
cascade_activation_functions_count=10
cascade_activation_functions=3 5 7 8 10 11 14 15 16 17 
cascade_activation_steepnesses_count=4
cascade_activation_steepnesses=2.50000000000000000000e-01 5.00000000000000000000e-01 7.50000000000000000000e-01 1.00000000000000000000e+00 
layer_sizes=10 5 2 
scale_included=0
neurons (num_inputs, activation_function, activation_steepness)=(0, 0, 0.00000000000000000000e+00) (0, 0, 0.00000000000000000000e+00) (0, 0, 0.00000000000000000000e+00) (0, 0, 0.00000000000000000000e+00) (0, 0, 0.00000000000000000000e+00) (0, 0, 0.00000000000000000000e+00) (0, 0, 0.00000000000000000000e+00) (0, 0, 0.00000000000000000000e+00) (0, 0, 0.00000000000000000000e+00) (0, 0, 0.00000000000000000000e+00) (10, 3, 5.00000000000000000000e-01) (10, 3, 5.00000000000000000000e-01) (10, 3, 5.00000000000000000000e-01) (10, 3, 5.00000000000000000000e-01) (0, 3, 0.00000000000000000000e+00) (5, 3, 5.00000000000000000000e-01) (0, 3, 0.00000000000000000000e+00) 
connections (connected_to_neuron, weight)=(0, 4.24878215789794921875e+00) (1, -1.98578312993049621582e-01) (2, -5.99603223800659179688e+00) (3, 1.29610347747802734375e+01) (4, -6.82182610034942626953e-01) (5, -1.11507148742675781250e+01) (6, 9.60927486419677734375e+00) (7, 8.78122210502624511719e-01) (8, -6.42770624160766601562e+00) (9, 1.01130437850952148438e+00) (0, 5.09998941421508789062e+00) (1, 1.12020087242126464844e+00) (2, 2.56780099868774414062e+00) (3, -3.23388218879699707031e+00) (4, 3.29996609687805175781e+00) (5, 1.04039649963378906250e+01) (6, 7.22787475585937500000e+00) (7, 1.22313699722290039062e+01) (8, 1.04049110412597656250e+00) (9, -5.93314170837402343750e+00) (0, -1.93582522869110107422e+00) (1, 8.58668994903564453125e+00) (2, 3.19415545463562011719e+00) (3, 1.73067450523376464844e-01) (4, -8.98400425910949707031e-01) (5, 1.44886755943298339844e+00) (6, 1.07059774398803710938e+01) (7, 9.34255838394165039062e-01) (8, 9.26375865936279296875e-01) (9, -6.51403760910034179688e+00) (0, -5.26950645446777343750e+00) (1, 1.94268274307250976562e+00) (2, 9.29514884948730468750e+00) (3, -1.98395996093750000000e+01) (4, 1.33104205131530761719e+00) (5, 1.72600078582763671875e+01) (6, -6.75114774703979492188e+00) (7, -8.15438032150268554688e-01) (8, 9.45896434783935546875e+00) (9, 7.46058821678161621094e-01) (10, -3.25048828125000000000e+00) (11, 2.11326527595520019531e+00) (12, 2.37407517433166503906e+00) (13, -2.93406152725219726562e+00) (14, 1.79351520538330078125e+00) 
