FANN_FLO_2.1
num_layers=3
learning_rate=0.500000
connection_rate=1.000000
network_type=0
learning_momentum=0.000000
training_algorithm=2
train_error_function=1
train_stop_function=0
cascade_output_change_fraction=0.010000
quickprop_decay=-0.000100
quickprop_mu=1.750000
rprop_increase_factor=1.200000
rprop_decrease_factor=0.500000
rprop_delta_min=0.000000
rprop_delta_max=50.000000
rprop_delta_zero=0.100000
cascade_output_stagnation_epochs=12
cascade_candidate_change_fraction=0.010000
cascade_candidate_stagnation_epochs=12
cascade_max_out_epochs=150
cascade_min_out_epochs=50
cascade_max_cand_epochs=150
cascade_min_cand_epochs=50
cascade_num_candidate_groups=2
bit_fail_limit=3.49999994039535522461e-01
cascade_candidate_limit=1.00000000000000000000e+03
cascade_weight_multiplier=4.00000005960464477539e-01
cascade_activation_functions_count=10
cascade_activation_functions=3 5 7 8 10 11 14 15 16 17 
cascade_activation_steepnesses_count=4
cascade_activation_steepnesses=2.50000000000000000000e-01 5.00000000000000000000e-01 7.50000000000000000000e-01 1.00000000000000000000e+00 
layer_sizes=10 3 2 
scale_included=0
neurons (num_inputs, activation_function, activation_steepness)=(0, 0, 0.00000000000000000000e+00) (0, 0, 0.00000000000000000000e+00) (0, 0, 0.00000000000000000000e+00) (0, 0, 0.00000000000000000000e+00) (0, 0, 0.00000000000000000000e+00) (0, 0, 0.00000000000000000000e+00) (0, 0, 0.00000000000000000000e+00) (0, 0, 0.00000000000000000000e+00) (0, 0, 0.00000000000000000000e+00) (0, 0, 0.00000000000000000000e+00) (10, 3, 5.00000000000000000000e-01) (10, 3, 5.00000000000000000000e-01) (0, 3, 0.00000000000000000000e+00) (3, 3, 5.00000000000000000000e-01) (0, 3, 0.00000000000000000000e+00) 
connections (connected_to_neuron, weight)=(0, 3.03678941726684570312e+00) (1, 3.92572402954101562500e-01) (2, 7.73335158824920654297e-01) (3, 8.72151088714599609375e+00) (4, -7.63327503204345703125e+00) (5, 1.69240760803222656250e+01) (6, 1.99076223373413085938e+00) (7, 9.49594020843505859375e+00) (8, -8.88596725463867187500e+00) (9, -7.38556289672851562500e+00) (0, 5.32372999191284179688e+00) (1, 1.54981017112731933594e+00) (2, 3.25070548057556152344e+00) (3, 6.60370159149169921875e+00) (4, -1.03122673034667968750e+01) (5, 1.79801692962646484375e+01) (6, 6.62273263931274414062e+00) (7, 1.13655757904052734375e+01) (8, -1.05934953689575195312e+01) (9, -1.01705856323242187500e+01) (10, 3.28624755144119262695e-01) (11, 1.06444466114044189453e+00) (12, 4.76626708405092358589e-04) 
