FANN_FLO_2.1
num_layers=3
learning_rate=0.500000
connection_rate=1.000000
network_type=0
learning_momentum=0.000000
training_algorithm=2
train_error_function=1
train_stop_function=0
cascade_output_change_fraction=0.010000
quickprop_decay=-0.000100
quickprop_mu=1.750000
rprop_increase_factor=1.200000
rprop_decrease_factor=0.500000
rprop_delta_min=0.000000
rprop_delta_max=50.000000
rprop_delta_zero=0.100000
cascade_output_stagnation_epochs=12
cascade_candidate_change_fraction=0.010000
cascade_candidate_stagnation_epochs=12
cascade_max_out_epochs=150
cascade_min_out_epochs=50
cascade_max_cand_epochs=150
cascade_min_cand_epochs=50
cascade_num_candidate_groups=2
bit_fail_limit=3.49999994039535522461e-01
cascade_candidate_limit=1.00000000000000000000e+03
cascade_weight_multiplier=4.00000005960464477539e-01
cascade_activation_functions_count=10
cascade_activation_functions=3 5 7 8 10 11 14 15 16 17 
cascade_activation_steepnesses_count=4
cascade_activation_steepnesses=2.50000000000000000000e-01 5.00000000000000000000e-01 7.50000000000000000000e-01 1.00000000000000000000e+00 
layer_sizes=10 3 2 
scale_included=0
neurons (num_inputs, activation_function, activation_steepness)=(0, 0, 0.00000000000000000000e+00) (0, 0, 0.00000000000000000000e+00) (0, 0, 0.00000000000000000000e+00) (0, 0, 0.00000000000000000000e+00) (0, 0, 0.00000000000000000000e+00) (0, 0, 0.00000000000000000000e+00) (0, 0, 0.00000000000000000000e+00) (0, 0, 0.00000000000000000000e+00) (0, 0, 0.00000000000000000000e+00) (0, 0, 0.00000000000000000000e+00) (10, 3, 5.00000000000000000000e-01) (10, 3, 5.00000000000000000000e-01) (0, 3, 0.00000000000000000000e+00) (3, 3, 5.00000000000000000000e-01) (0, 3, 0.00000000000000000000e+00) 
connections (connected_to_neuron, weight)=(0, -2.68952989578247070312e+00) (1, 7.54114246368408203125e+00) (2, 7.71182775497436523438e+00) (3, -8.30997753143310546875e+00) (4, 1.80454087257385253906e+00) (5, 3.67973446846008300781e+00) (6, -8.49627304077148437500e+00) (7, -8.71917915344238281250e+00) (8, -3.01363229751586914062e-01) (9, -4.98147904872894287109e-01) (0, 2.90439873933792114258e-01) (1, -4.26690578460693359375e+00) (2, -9.50844955444335937500e+00) (3, 1.87196846008300781250e+01) (4, -5.89493131637573242188e+00) (5, 1.65046000480651855469e+00) (6, 8.84518909454345703125e+00) (7, 1.56823835372924804688e+01) (8, 5.10741424560546875000e+00) (9, -1.02021455764770507812e+01) (10, 7.74418973922729492188e+00) (11, 2.82047557830810546875e+00) (12, -1.79733300209045410156e+00) 
