FANN_FLO_2.1
num_layers=3
learning_rate=0.500000
connection_rate=1.000000
network_type=0
learning_momentum=0.000000
training_algorithm=2
train_error_function=1
train_stop_function=0
cascade_output_change_fraction=0.010000
quickprop_decay=-0.000100
quickprop_mu=1.750000
rprop_increase_factor=1.200000
rprop_decrease_factor=0.500000
rprop_delta_min=0.000000
rprop_delta_max=50.000000
rprop_delta_zero=0.100000
cascade_output_stagnation_epochs=12
cascade_candidate_change_fraction=0.010000
cascade_candidate_stagnation_epochs=12
cascade_max_out_epochs=150
cascade_min_out_epochs=50
cascade_max_cand_epochs=150
cascade_min_cand_epochs=50
cascade_num_candidate_groups=2
bit_fail_limit=3.49999994039535522461e-01
cascade_candidate_limit=1.00000000000000000000e+03
cascade_weight_multiplier=4.00000005960464477539e-01
cascade_activation_functions_count=10
cascade_activation_functions=3 5 7 8 10 11 14 15 16 17 
cascade_activation_steepnesses_count=4
cascade_activation_steepnesses=2.50000000000000000000e-01 5.00000000000000000000e-01 7.50000000000000000000e-01 1.00000000000000000000e+00 
layer_sizes=6 5 2 
scale_included=0
neurons (num_inputs, activation_function, activation_steepness)=(0, 0, 0.00000000000000000000e+00) (0, 0, 0.00000000000000000000e+00) (0, 0, 0.00000000000000000000e+00) (0, 0, 0.00000000000000000000e+00) (0, 0, 0.00000000000000000000e+00) (0, 0, 0.00000000000000000000e+00) (6, 3, 5.00000000000000000000e-01) (6, 3, 5.00000000000000000000e-01) (6, 3, 5.00000000000000000000e-01) (6, 3, 5.00000000000000000000e-01) (0, 3, 0.00000000000000000000e+00) (5, 0, 5.00000000000000000000e-01) (0, 0, 0.00000000000000000000e+00) 
connections (connected_to_neuron, weight)=(0, 9.28596019744873046875e-01) (1, -2.70507946014404296875e+01) (2, -3.73922586441040039062e+00) (3, 1.22163057327270507812e+00) (4, -1.20112257003784179688e+01) (5, 8.15139961242675781250e+00) (0, 2.36221194267272949219e-01) (1, -2.06827306747436523438e+00) (2, 7.64802619814872741699e-02) (3, -2.57890510559082031250e+00) (4, 9.54375267028808593750e-01) (5, 6.66012883186340332031e-01) (0, -1.06867365539073944092e-01) (1, 8.95106971263885498047e-01) (2, 1.15457884967327117920e-01) (3, 1.15310096740722656250e+00) (4, -1.95296913385391235352e-01) (5, 3.47962945699691772461e-01) (0, -1.03723905980587005615e-01) (1, 5.33218085765838623047e-01) (2, -1.81280449032783508301e-01) (3, 6.53816878795623779297e-01) (4, -8.04821908473968505859e-01) (5, 2.23096430301666259766e-01) (6, 1.17032074928283691406e+00) (7, 1.09880304336547851562e+00) (8, 1.06848478317260742188e+00) (9, 1.07450449466705322266e+00) (10, 1.22643637657165527344e+00) 
