FANN_FLO_2.1
num_layers=3
learning_rate=0.500000
connection_rate=1.000000
network_type=0
learning_momentum=0.000000
training_algorithm=2
train_error_function=1
train_stop_function=0
cascade_output_change_fraction=0.010000
quickprop_decay=-0.000100
quickprop_mu=1.750000
rprop_increase_factor=1.200000
rprop_decrease_factor=0.500000
rprop_delta_min=0.000000
rprop_delta_max=50.000000
rprop_delta_zero=0.100000
cascade_output_stagnation_epochs=12
cascade_candidate_change_fraction=0.010000
cascade_candidate_stagnation_epochs=12
cascade_max_out_epochs=150
cascade_min_out_epochs=50
cascade_max_cand_epochs=150
cascade_min_cand_epochs=50
cascade_num_candidate_groups=2
bit_fail_limit=3.49999994039535522461e-01
cascade_candidate_limit=1.00000000000000000000e+03
cascade_weight_multiplier=4.00000005960464477539e-01
cascade_activation_functions_count=10
cascade_activation_functions=3 5 7 8 10 11 14 15 16 17 
cascade_activation_steepnesses_count=4
cascade_activation_steepnesses=2.50000000000000000000e-01 5.00000000000000000000e-01 7.50000000000000000000e-01 1.00000000000000000000e+00 
layer_sizes=6 5 2 
scale_included=0
neurons (num_inputs, activation_function, activation_steepness)=(0, 0, 0.00000000000000000000e+00) (0, 0, 0.00000000000000000000e+00) (0, 0, 0.00000000000000000000e+00) (0, 0, 0.00000000000000000000e+00) (0, 0, 0.00000000000000000000e+00) (0, 0, 0.00000000000000000000e+00) (6, 3, 5.00000000000000000000e-01) (6, 3, 5.00000000000000000000e-01) (6, 3, 5.00000000000000000000e-01) (6, 3, 5.00000000000000000000e-01) (0, 3, 0.00000000000000000000e+00) (5, 0, 5.00000000000000000000e-01) (0, 0, 0.00000000000000000000e+00) 
connections (connected_to_neuron, weight)=(0, 1.00737309455871582031e+00) (1, -3.67652654647827148438e+00) (2, 4.85556316375732421875e+00) (3, 5.08308291435241699219e-01) (4, 1.29625320434570312500e+00) (5, 1.80504369735717773438e+00) (0, -2.90038198232650756836e-01) (1, -3.17180454730987548828e-01) (2, -2.86004751920700073242e-01) (3, -4.87104356288909912109e-01) (4, -2.90671885013580322266e-01) (5, 3.24082523584365844727e-01) (0, 1.31212472915649414062e+00) (1, -2.26758527755737304688e+00) (2, -8.96876144409179687500e+00) (3, 3.45464897155761718750e+00) (4, -1.46498985290527343750e+01) (5, 2.98594284057617187500e+00) (0, 1.08227181434631347656e+00) (1, 7.87420606613159179688e+00) (2, -5.72085261344909667969e-01) (3, 1.32159686088562011719e+00) (4, 3.66498017311096191406e+00) (5, 1.75142014026641845703e+00) (6, 1.06542575359344482422e+00) (7, 9.23180699348449707031e-01) (8, 1.01259613037109375000e+00) (9, 9.84718501567840576172e-01) (10, 9.33067679405212402344e-01) 
