FANN_FLO_2.1
num_layers=3
learning_rate=0.500000
connection_rate=1.000000
network_type=0
learning_momentum=0.000000
training_algorithm=2
train_error_function=1
train_stop_function=0
cascade_output_change_fraction=0.010000
quickprop_decay=-0.000100
quickprop_mu=1.750000
rprop_increase_factor=1.200000
rprop_decrease_factor=0.500000
rprop_delta_min=0.000000
rprop_delta_max=50.000000
rprop_delta_zero=0.100000
cascade_output_stagnation_epochs=12
cascade_candidate_change_fraction=0.010000
cascade_candidate_stagnation_epochs=12
cascade_max_out_epochs=150
cascade_min_out_epochs=50
cascade_max_cand_epochs=150
cascade_min_cand_epochs=50
cascade_num_candidate_groups=2
bit_fail_limit=3.49999994039535522461e-01
cascade_candidate_limit=1.00000000000000000000e+03
cascade_weight_multiplier=4.00000005960464477539e-01
cascade_activation_functions_count=10
cascade_activation_functions=3 5 7 8 10 11 14 15 16 17 
cascade_activation_steepnesses_count=4
cascade_activation_steepnesses=2.50000000000000000000e-01 5.00000000000000000000e-01 7.50000000000000000000e-01 1.00000000000000000000e+00 
layer_sizes=10 3 2 
scale_included=0
neurons (num_inputs, activation_function, activation_steepness)=(0, 0, 0.00000000000000000000e+00) (0, 0, 0.00000000000000000000e+00) (0, 0, 0.00000000000000000000e+00) (0, 0, 0.00000000000000000000e+00) (0, 0, 0.00000000000000000000e+00) (0, 0, 0.00000000000000000000e+00) (0, 0, 0.00000000000000000000e+00) (0, 0, 0.00000000000000000000e+00) (0, 0, 0.00000000000000000000e+00) (0, 0, 0.00000000000000000000e+00) (10, 3, 5.00000000000000000000e-01) (10, 3, 5.00000000000000000000e-01) (0, 3, 0.00000000000000000000e+00) (3, 3, 5.00000000000000000000e-01) (0, 3, 0.00000000000000000000e+00) 
connections (connected_to_neuron, weight)=(0, -4.64593696594238281250e+00) (1, 7.40862560272216796875e+00) (2, 8.53366279602050781250e+00) (3, -5.91406583786010742188e+00) (4, 7.73243618011474609375e+00) (5, 3.40293540954589843750e+01) (6, -1.78453350067138671875e+01) (7, -1.08802719116210937500e+01) (8, 3.80392956733703613281e+00) (9, -7.13917398452758789062e+00) (0, 1.36752665042877197266e+00) (1, -2.99254417419433593750e+00) (2, -6.55176115036010742188e+00) (3, 7.28809690475463867188e+00) (4, -2.52086019515991210938e+00) (5, -1.77093849182128906250e+01) (6, 8.28474426269531250000e+00) (7, 8.54815292358398437500e+00) (8, -1.61452126502990722656e+00) (9, -9.91137504577636718750e-01) (10, 2.46677899360656738281e+00) (11, 5.57854318618774414062e+00) (12, -1.35836732387542724609e+00) 
