FANN_FLO_2.1
num_layers=3
learning_rate=0.500000
connection_rate=1.000000
network_type=0
learning_momentum=0.000000
training_algorithm=2
train_error_function=1
train_stop_function=0
cascade_output_change_fraction=0.010000
quickprop_decay=-0.000100
quickprop_mu=1.750000
rprop_increase_factor=1.200000
rprop_decrease_factor=0.500000
rprop_delta_min=0.000000
rprop_delta_max=50.000000
rprop_delta_zero=0.100000
cascade_output_stagnation_epochs=12
cascade_candidate_change_fraction=0.010000
cascade_candidate_stagnation_epochs=12
cascade_max_out_epochs=150
cascade_min_out_epochs=50
cascade_max_cand_epochs=150
cascade_min_cand_epochs=50
cascade_num_candidate_groups=2
bit_fail_limit=3.49999994039535522461e-01
cascade_candidate_limit=1.00000000000000000000e+03
cascade_weight_multiplier=4.00000005960464477539e-01
cascade_activation_functions_count=10
cascade_activation_functions=3 5 7 8 10 11 14 15 16 17 
cascade_activation_steepnesses_count=4
cascade_activation_steepnesses=2.50000000000000000000e-01 5.00000000000000000000e-01 7.50000000000000000000e-01 1.00000000000000000000e+00 
layer_sizes=6 5 2 
scale_included=0
neurons (num_inputs, activation_function, activation_steepness)=(0, 0, 0.00000000000000000000e+00) (0, 0, 0.00000000000000000000e+00) (0, 0, 0.00000000000000000000e+00) (0, 0, 0.00000000000000000000e+00) (0, 0, 0.00000000000000000000e+00) (0, 0, 0.00000000000000000000e+00) (6, 3, 5.00000000000000000000e-01) (6, 3, 5.00000000000000000000e-01) (6, 3, 5.00000000000000000000e-01) (6, 3, 5.00000000000000000000e-01) (0, 3, 0.00000000000000000000e+00) (5, 0, 5.00000000000000000000e-01) (0, 0, 0.00000000000000000000e+00) 
connections (connected_to_neuron, weight)=(0, 1.57926368713378906250e+00) (1, -1.02568111419677734375e+01) (2, 2.43044757843017578125e+00) (3, 3.86211061477661132812e+00) (4, 6.03239774703979492188e+00) (5, 1.89975702762603759766e+00) (0, 1.60143196582794189453e+00) (1, 4.97256708145141601562e+00) (2, -4.28783607482910156250e+00) (3, -8.35473358631134033203e-01) (4, -5.22126007080078125000e+00) (5, 2.57937693595886230469e+00) (0, 1.60637760162353515625e+00) (1, 6.33233547210693359375e+00) (2, -5.51381015777587890625e+00) (3, 9.18754196166992187500e+00) (4, 3.61203861236572265625e+00) (5, 2.45818114280700683594e+00) (0, -1.80293530225753784180e-01) (1, 3.41127902269363403320e-01) (2, 1.69749990105628967285e-01) (3, -4.54788893461227416992e-01) (4, -2.85459220409393310547e-01) (5, 3.83599847555160522461e-01) (6, 9.59881901741027832031e-01) (7, 9.97419357299804687500e-01) (8, 9.83963549137115478516e-01) (9, 8.78373444080352783203e-01) (10, 9.72821056842803955078e-01) 
