FANN_FLO_2.1
num_layers=3
learning_rate=0.500000
connection_rate=1.000000
network_type=0
learning_momentum=0.000000
training_algorithm=2
train_error_function=1
train_stop_function=0
cascade_output_change_fraction=0.010000
quickprop_decay=-0.000100
quickprop_mu=1.750000
rprop_increase_factor=1.200000
rprop_decrease_factor=0.500000
rprop_delta_min=0.000000
rprop_delta_max=50.000000
rprop_delta_zero=0.100000
cascade_output_stagnation_epochs=12
cascade_candidate_change_fraction=0.010000
cascade_candidate_stagnation_epochs=12
cascade_max_out_epochs=150
cascade_min_out_epochs=50
cascade_max_cand_epochs=150
cascade_min_cand_epochs=50
cascade_num_candidate_groups=2
bit_fail_limit=3.49999994039535522461e-01
cascade_candidate_limit=1.00000000000000000000e+03
cascade_weight_multiplier=4.00000005960464477539e-01
cascade_activation_functions_count=10
cascade_activation_functions=3 5 7 8 10 11 14 15 16 17 
cascade_activation_steepnesses_count=4
cascade_activation_steepnesses=2.50000000000000000000e-01 5.00000000000000000000e-01 7.50000000000000000000e-01 1.00000000000000000000e+00 
layer_sizes=6 5 2 
scale_included=0
neurons (num_inputs, activation_function, activation_steepness)=(0, 0, 0.00000000000000000000e+00) (0, 0, 0.00000000000000000000e+00) (0, 0, 0.00000000000000000000e+00) (0, 0, 0.00000000000000000000e+00) (0, 0, 0.00000000000000000000e+00) (0, 0, 0.00000000000000000000e+00) (6, 3, 5.00000000000000000000e-01) (6, 3, 5.00000000000000000000e-01) (6, 3, 5.00000000000000000000e-01) (6, 3, 5.00000000000000000000e-01) (0, 3, 0.00000000000000000000e+00) (5, 0, 5.00000000000000000000e-01) (0, 0, 0.00000000000000000000e+00) 
connections (connected_to_neuron, weight)=(0, 1.38843667507171630859e+00) (1, -1.32924127578735351562e+00) (2, -1.28093175888061523438e+01) (3, -6.72687387466430664062e+00) (4, -2.96101391315460205078e-01) (5, 3.26144051551818847656e+00) (0, -1.54441250488162040710e-02) (1, -3.17781299352645874023e-01) (2, 2.14227035641670227051e-01) (3, 1.47300541400909423828e-01) (4, -9.97325330972671508789e-02) (5, 2.04850792884826660156e-01) (0, -5.72311729192733764648e-02) (1, -1.39248281717300415039e-01) (2, 2.30194643139839172363e-01) (3, 1.04287624359130859375e-01) (4, 2.79492065310478210449e-02) (5, 2.26775139570236206055e-01) (0, 1.37710213661193847656e+00) (1, 1.26455259323120117188e+01) (2, -1.62612032890319824219e+00) (3, -3.60300159454345703125e+00) (4, 8.77116966247558593750e+00) (5, 3.17239046096801757812e+00) (6, 1.14350891113281250000e+00) (7, 9.99555945396423339844e-01) (8, 9.82710242271423339844e-01) (9, 1.10127520561218261719e+00) (10, 1.04097330570220947266e+00) 
