FANN_FLO_2.1
num_layers=3
learning_rate=0.500000
connection_rate=1.000000
network_type=0
learning_momentum=0.000000
training_algorithm=2
train_error_function=1
train_stop_function=0
cascade_output_change_fraction=0.010000
quickprop_decay=-0.000100
quickprop_mu=1.750000
rprop_increase_factor=1.200000
rprop_decrease_factor=0.500000
rprop_delta_min=0.000000
rprop_delta_max=50.000000
rprop_delta_zero=0.100000
cascade_output_stagnation_epochs=12
cascade_candidate_change_fraction=0.010000
cascade_candidate_stagnation_epochs=12
cascade_max_out_epochs=150
cascade_min_out_epochs=50
cascade_max_cand_epochs=150
cascade_min_cand_epochs=50
cascade_num_candidate_groups=2
bit_fail_limit=3.49999994039535522461e-01
cascade_candidate_limit=1.00000000000000000000e+03
cascade_weight_multiplier=4.00000005960464477539e-01
cascade_activation_functions_count=10
cascade_activation_functions=3 5 7 8 10 11 14 15 16 17 
cascade_activation_steepnesses_count=4
cascade_activation_steepnesses=2.50000000000000000000e-01 5.00000000000000000000e-01 7.50000000000000000000e-01 1.00000000000000000000e+00 
layer_sizes=6 5 2 
scale_included=0
neurons (num_inputs, activation_function, activation_steepness)=(0, 0, 0.00000000000000000000e+00) (0, 0, 0.00000000000000000000e+00) (0, 0, 0.00000000000000000000e+00) (0, 0, 0.00000000000000000000e+00) (0, 0, 0.00000000000000000000e+00) (0, 0, 0.00000000000000000000e+00) (6, 3, 5.00000000000000000000e-01) (6, 3, 5.00000000000000000000e-01) (6, 3, 5.00000000000000000000e-01) (6, 3, 5.00000000000000000000e-01) (0, 3, 0.00000000000000000000e+00) (5, 0, 5.00000000000000000000e-01) (0, 0, 0.00000000000000000000e+00) 
connections (connected_to_neuron, weight)=(0, -5.67581802606582641602e-02) (1, 1.84141278266906738281e-01) (2, 2.12195903062820434570e-01) (3, 3.20176124572753906250e-01) (4, -5.64970850944519042969e-01) (5, 2.71719932556152343750e-01) (0, 1.14032065868377685547e+00) (1, -7.75198507308959960938e+00) (2, 5.80101633071899414062e+00) (3, -5.67923450469970703125e+00) (4, 4.22127962112426757812e+00) (5, 3.01045107841491699219e+00) (0, -7.37230181694030761719e-02) (1, -3.08918114751577377319e-02) (2, 9.83018279075622558594e-02) (3, 1.49850010871887207031e-01) (4, -4.91355001926422119141e-01) (5, 3.36173593997955322266e-01) (0, 1.00797069072723388672e+00) (1, 1.58309757709503173828e+00) (2, -6.44679021835327148438e+00) (3, -3.51222419738769531250e+00) (4, 6.67588329315185546875e+00) (5, 2.24590039253234863281e+00) (6, 1.04549109935760498047e+00) (7, 1.13774609565734863281e+00) (8, 9.57792997360229492188e-01) (9, 1.10827183723449707031e+00) (10, 1.03519952297210693359e+00) 
