FANN_FLO_2.1
num_layers=3
learning_rate=0.500000
connection_rate=1.000000
network_type=0
learning_momentum=0.000000
training_algorithm=2
train_error_function=1
train_stop_function=0
cascade_output_change_fraction=0.010000
quickprop_decay=-0.000100
quickprop_mu=1.750000
rprop_increase_factor=1.200000
rprop_decrease_factor=0.500000
rprop_delta_min=0.000000
rprop_delta_max=50.000000
rprop_delta_zero=0.100000
cascade_output_stagnation_epochs=12
cascade_candidate_change_fraction=0.010000
cascade_candidate_stagnation_epochs=12
cascade_max_out_epochs=150
cascade_min_out_epochs=50
cascade_max_cand_epochs=150
cascade_min_cand_epochs=50
cascade_num_candidate_groups=2
bit_fail_limit=3.49999994039535522461e-01
cascade_candidate_limit=1.00000000000000000000e+03
cascade_weight_multiplier=4.00000005960464477539e-01
cascade_activation_functions_count=10
cascade_activation_functions=3 5 7 8 10 11 14 15 16 17 
cascade_activation_steepnesses_count=4
cascade_activation_steepnesses=2.50000000000000000000e-01 5.00000000000000000000e-01 7.50000000000000000000e-01 1.00000000000000000000e+00 
layer_sizes=10 3 2 
scale_included=0
neurons (num_inputs, activation_function, activation_steepness)=(0, 0, 0.00000000000000000000e+00) (0, 0, 0.00000000000000000000e+00) (0, 0, 0.00000000000000000000e+00) (0, 0, 0.00000000000000000000e+00) (0, 0, 0.00000000000000000000e+00) (0, 0, 0.00000000000000000000e+00) (0, 0, 0.00000000000000000000e+00) (0, 0, 0.00000000000000000000e+00) (0, 0, 0.00000000000000000000e+00) (0, 0, 0.00000000000000000000e+00) (10, 3, 5.00000000000000000000e-01) (10, 3, 5.00000000000000000000e-01) (0, 3, 0.00000000000000000000e+00) (3, 3, 5.00000000000000000000e-01) (0, 3, 0.00000000000000000000e+00) 
connections (connected_to_neuron, weight)=(0, 1.77149829864501953125e+01) (1, 3.18037414550781250000e+00) (2, -2.97421789169311523438e+00) (3, 1.87813413143157958984e+00) (4, 5.01614570617675781250e+00) (5, -2.07529449462890625000e+01) (6, -5.97139596939086914062e+00) (7, 8.66760444641113281250e+00) (8, 2.40397949218750000000e+01) (9, -8.52865791320800781250e+00) (0, -4.60833024978637695312e+00) (1, 2.58589744567871093750e+00) (2, 3.48784923553466796875e+00) (3, 1.85428085327148437500e+01) (4, 2.69203186035156250000e+00) (5, 1.25648536682128906250e+01) (6, 7.46739566326141357422e-01) (7, -7.43118476867675781250e+00) (8, 3.30340361595153808594e+00) (9, -8.27131080627441406250e+00) (10, 8.01031291484832763672e-01) (11, 1.39355123043060302734e+00) (12, -8.05119395256042480469e-01) 
