FANN_FLO_2.1
num_layers=3
learning_rate=0.500000
connection_rate=1.000000
network_type=0
learning_momentum=0.000000
training_algorithm=2
train_error_function=1
train_stop_function=0
cascade_output_change_fraction=0.010000
quickprop_decay=-0.000100
quickprop_mu=1.750000
rprop_increase_factor=1.200000
rprop_decrease_factor=0.500000
rprop_delta_min=0.000000
rprop_delta_max=50.000000
rprop_delta_zero=0.100000
cascade_output_stagnation_epochs=12
cascade_candidate_change_fraction=0.010000
cascade_candidate_stagnation_epochs=12
cascade_max_out_epochs=150
cascade_min_out_epochs=50
cascade_max_cand_epochs=150
cascade_min_cand_epochs=50
cascade_num_candidate_groups=2
bit_fail_limit=3.49999994039535522461e-01
cascade_candidate_limit=1.00000000000000000000e+03
cascade_weight_multiplier=4.00000005960464477539e-01
cascade_activation_functions_count=10
cascade_activation_functions=3 5 7 8 10 11 14 15 16 17 
cascade_activation_steepnesses_count=4
cascade_activation_steepnesses=2.50000000000000000000e-01 5.00000000000000000000e-01 7.50000000000000000000e-01 1.00000000000000000000e+00 
layer_sizes=6 5 2 
scale_included=0
neurons (num_inputs, activation_function, activation_steepness)=(0, 0, 0.00000000000000000000e+00) (0, 0, 0.00000000000000000000e+00) (0, 0, 0.00000000000000000000e+00) (0, 0, 0.00000000000000000000e+00) (0, 0, 0.00000000000000000000e+00) (0, 0, 0.00000000000000000000e+00) (6, 3, 5.00000000000000000000e-01) (6, 3, 5.00000000000000000000e-01) (6, 3, 5.00000000000000000000e-01) (6, 3, 5.00000000000000000000e-01) (0, 3, 0.00000000000000000000e+00) (5, 0, 5.00000000000000000000e-01) (0, 0, 0.00000000000000000000e+00) 
connections (connected_to_neuron, weight)=(0, 1.31001377105712890625e+00) (1, 1.88473021984100341797e+00) (2, -1.74713897705078125000e+01) (3, -1.40208702087402343750e+01) (4, -1.41927587985992431641e+00) (5, 4.99670934677124023438e+00) (0, 1.56705886125564575195e-01) (1, -1.25223827362060546875e+00) (2, -8.88205394148826599121e-02) (3, -2.86062455177307128906e+00) (4, 1.98387491703033447266e+00) (5, 6.12493395805358886719e-01) (0, 9.04706567525863647461e-02) (1, 6.83231770992279052734e-01) (2, 1.92089766263961791992e-01) (3, 1.91473340988159179688e+00) (4, -2.19248819351196289062e+00) (5, 2.82762229442596435547e-01) (0, -2.33737170696258544922e-01) (1, 2.66237854957580566406e-01) (2, 1.64756417274475097656e-01) (3, 5.59526264667510986328e-01) (4, 8.12324658036231994629e-02) (5, 2.40159764885902404785e-01) (6, 1.21920394897460937500e+00) (7, 1.13203501701354980469e+00) (8, 1.08814275264739990234e+00) (9, 1.15016150474548339844e+00) (10, 1.13524484634399414062e+00) 
