FANN_FLO_2.1
num_layers=3
learning_rate=0.500000
connection_rate=1.000000
network_type=0
learning_momentum=0.000000
training_algorithm=2
train_error_function=1
train_stop_function=0
cascade_output_change_fraction=0.010000
quickprop_decay=-0.000100
quickprop_mu=1.750000
rprop_increase_factor=1.200000
rprop_decrease_factor=0.500000
rprop_delta_min=0.000000
rprop_delta_max=50.000000
rprop_delta_zero=0.100000
cascade_output_stagnation_epochs=12
cascade_candidate_change_fraction=0.010000
cascade_candidate_stagnation_epochs=12
cascade_max_out_epochs=150
cascade_min_out_epochs=50
cascade_max_cand_epochs=150
cascade_min_cand_epochs=50
cascade_num_candidate_groups=2
bit_fail_limit=3.49999994039535522461e-01
cascade_candidate_limit=1.00000000000000000000e+03
cascade_weight_multiplier=4.00000005960464477539e-01
cascade_activation_functions_count=10
cascade_activation_functions=3 5 7 8 10 11 14 15 16 17 
cascade_activation_steepnesses_count=4
cascade_activation_steepnesses=2.50000000000000000000e-01 5.00000000000000000000e-01 7.50000000000000000000e-01 1.00000000000000000000e+00 
layer_sizes=6 5 2 
scale_included=0
neurons (num_inputs, activation_function, activation_steepness)=(0, 0, 0.00000000000000000000e+00) (0, 0, 0.00000000000000000000e+00) (0, 0, 0.00000000000000000000e+00) (0, 0, 0.00000000000000000000e+00) (0, 0, 0.00000000000000000000e+00) (0, 0, 0.00000000000000000000e+00) (6, 3, 5.00000000000000000000e-01) (6, 3, 5.00000000000000000000e-01) (6, 3, 5.00000000000000000000e-01) (6, 3, 5.00000000000000000000e-01) (0, 3, 0.00000000000000000000e+00) (5, 0, 5.00000000000000000000e-01) (0, 0, 0.00000000000000000000e+00) 
connections (connected_to_neuron, weight)=(0, 1.00770223140716552734e+00) (1, 1.50611269474029541016e+00) (2, -1.15625200271606445312e+01) (3, -1.18541860580444335938e+01) (4, -9.85677719116210937500e+00) (5, 3.97661042213439941406e+00) (0, 1.06650590896606445312e+00) (1, 1.64574563503265380859e+00) (2, -4.13556194305419921875e+00) (3, -2.94806900024414062500e+01) (4, 1.99204940795898437500e+01) (5, 5.30097198486328125000e+00) (0, 6.74993991851806640625e-02) (1, -1.40725806355476379395e-01) (2, 3.76983910799026489258e-01) (3, 2.91657835245132446289e-01) (4, -1.34684637188911437988e-01) (5, 4.62740749120712280273e-01) (0, -1.07484795153141021729e-01) (1, 7.37306699156761169434e-02) (2, -1.49801865220069885254e-01) (3, 4.33432161808013916016e-01) (4, -1.24372899532318115234e-01) (5, 4.01801705360412597656e-01) (6, 1.08418381214141845703e+00) (7, 1.05460703372955322266e+00) (8, 9.72072303295135498047e-01) (9, 9.02327001094818115234e-01) (10, 1.08705091476440429688e+00) 
