FANN_FLO_2.1
num_layers=3
learning_rate=0.500000
connection_rate=1.000000
network_type=0
learning_momentum=0.000000
training_algorithm=2
train_error_function=1
train_stop_function=0
cascade_output_change_fraction=0.010000
quickprop_decay=-0.000100
quickprop_mu=1.750000
rprop_increase_factor=1.200000
rprop_decrease_factor=0.500000
rprop_delta_min=0.000000
rprop_delta_max=50.000000
rprop_delta_zero=0.100000
cascade_output_stagnation_epochs=12
cascade_candidate_change_fraction=0.010000
cascade_candidate_stagnation_epochs=12
cascade_max_out_epochs=150
cascade_min_out_epochs=50
cascade_max_cand_epochs=150
cascade_min_cand_epochs=50
cascade_num_candidate_groups=2
bit_fail_limit=3.49999994039535522461e-01
cascade_candidate_limit=1.00000000000000000000e+03
cascade_weight_multiplier=4.00000005960464477539e-01
cascade_activation_functions_count=10
cascade_activation_functions=3 5 7 8 10 11 14 15 16 17 
cascade_activation_steepnesses_count=4
cascade_activation_steepnesses=2.50000000000000000000e-01 5.00000000000000000000e-01 7.50000000000000000000e-01 1.00000000000000000000e+00 
layer_sizes=10 5 2 
scale_included=0
neurons (num_inputs, activation_function, activation_steepness)=(0, 0, 0.00000000000000000000e+00) (0, 0, 0.00000000000000000000e+00) (0, 0, 0.00000000000000000000e+00) (0, 0, 0.00000000000000000000e+00) (0, 0, 0.00000000000000000000e+00) (0, 0, 0.00000000000000000000e+00) (0, 0, 0.00000000000000000000e+00) (0, 0, 0.00000000000000000000e+00) (0, 0, 0.00000000000000000000e+00) (0, 0, 0.00000000000000000000e+00) (10, 3, 5.00000000000000000000e-01) (10, 3, 5.00000000000000000000e-01) (10, 3, 5.00000000000000000000e-01) (10, 3, 5.00000000000000000000e-01) (0, 3, 0.00000000000000000000e+00) (5, 3, 5.00000000000000000000e-01) (0, 3, 0.00000000000000000000e+00) 
connections (connected_to_neuron, weight)=(0, 1.06887445449829101562e+01) (1, 1.59790411591529846191e-01) (2, -8.25224018096923828125e+00) (3, 1.08652725219726562500e+01) (4, -3.40314060449600219727e-01) (5, -1.78531513214111328125e+01) (6, 1.04376268386840820312e+01) (7, 2.70461249351501464844e+00) (8, -8.43804264068603515625e+00) (9, 2.62494969367980957031e+00) (0, 3.40626525878906250000e+00) (1, 1.54843762516975402832e-01) (2, -4.37163352966308593750e+00) (3, 7.53785037994384765625e+00) (4, 1.75997567176818847656e+00) (5, -1.06435880661010742188e+01) (6, 3.33315062522888183594e+00) (7, 1.29743051528930664062e+00) (8, -3.27002310752868652344e+00) (9, -2.89109253883361816406e+00) (0, -4.33659553527832031250e+00) (1, -1.38285136222839355469e+00) (2, -2.78501987457275390625e+00) (3, 5.60959196090698242188e+00) (4, -3.51022076606750488281e+00) (5, 1.49343967437744140625e+00) (6, -3.18060708045959472656e+00) (7, -4.25939512252807617188e+00) (8, 1.61040341854095458984e+00) (9, 7.65532970428466796875e-01) (0, 2.12940192222595214844e+00) (1, 4.48319196701049804688e+00) (2, 3.27930808067321777344e+00) (3, -2.50928711891174316406e+00) (4, 2.20315670967102050781e+00) (5, -4.18644577264785766602e-01) (6, 3.39068150520324707031e+00) (7, 3.77460026741027832031e+00) (8, 1.09143102169036865234e+00) (9, -2.90068411827087402344e+00) (10, -3.32259130477905273438e+00) (11, 9.51795578002929687500e+00) (12, -2.19440722465515136719e+00) (13, 2.59352850914001464844e+00) (14, 3.34612727165222167969e-01) 
