FANN_FLO_2.1
num_layers=3
learning_rate=0.500000
connection_rate=1.000000
network_type=0
learning_momentum=0.000000
training_algorithm=2
train_error_function=1
train_stop_function=0
cascade_output_change_fraction=0.010000
quickprop_decay=-0.000100
quickprop_mu=1.750000
rprop_increase_factor=1.200000
rprop_decrease_factor=0.500000
rprop_delta_min=0.000000
rprop_delta_max=50.000000
rprop_delta_zero=0.100000
cascade_output_stagnation_epochs=12
cascade_candidate_change_fraction=0.010000
cascade_candidate_stagnation_epochs=12
cascade_max_out_epochs=150
cascade_min_out_epochs=50
cascade_max_cand_epochs=150
cascade_min_cand_epochs=50
cascade_num_candidate_groups=2
bit_fail_limit=3.49999994039535522461e-01
cascade_candidate_limit=1.00000000000000000000e+03
cascade_weight_multiplier=4.00000005960464477539e-01
cascade_activation_functions_count=10
cascade_activation_functions=3 5 7 8 10 11 14 15 16 17 
cascade_activation_steepnesses_count=4
cascade_activation_steepnesses=2.50000000000000000000e-01 5.00000000000000000000e-01 7.50000000000000000000e-01 1.00000000000000000000e+00 
layer_sizes=10 5 2 
scale_included=0
neurons (num_inputs, activation_function, activation_steepness)=(0, 0, 0.00000000000000000000e+00) (0, 0, 0.00000000000000000000e+00) (0, 0, 0.00000000000000000000e+00) (0, 0, 0.00000000000000000000e+00) (0, 0, 0.00000000000000000000e+00) (0, 0, 0.00000000000000000000e+00) (0, 0, 0.00000000000000000000e+00) (0, 0, 0.00000000000000000000e+00) (0, 0, 0.00000000000000000000e+00) (0, 0, 0.00000000000000000000e+00) (10, 3, 5.00000000000000000000e-01) (10, 3, 5.00000000000000000000e-01) (10, 3, 5.00000000000000000000e-01) (10, 3, 5.00000000000000000000e-01) (0, 3, 0.00000000000000000000e+00) (5, 3, 5.00000000000000000000e-01) (0, 3, 0.00000000000000000000e+00) 
connections (connected_to_neuron, weight)=(0, 1.76992321014404296875e+01) (1, 2.58248567581176757812e+00) (2, -2.61068286895751953125e+01) (3, -1.94396466016769409180e-01) (4, 2.25637674331665039062e+00) (5, 1.17147898674011230469e+00) (6, -1.64466142654418945312e-01) (7, 6.74547433853149414062e+00) (8, 4.69295310974121093750e+00) (9, -4.41356658935546875000e+00) (0, -2.33210334777832031250e+01) (1, -4.08435707092285156250e+01) (2, -8.52684974670410156250e+00) (3, -5.87192487716674804688e+00) (4, 2.04481744766235351562e+00) (5, 3.87518811225891113281e+00) (6, 9.05533123016357421875e+00) (7, 3.68114700317382812500e+01) (8, 2.33066654205322265625e+01) (9, -4.72165584564208984375e+00) (0, 9.54364109039306640625e+00) (1, 1.90907728672027587891e+00) (2, -6.88664579391479492188e+00) (3, 1.75632400512695312500e+01) (4, 1.17606866359710693359e+00) (5, -1.92290916442871093750e+01) (6, 9.38815498352050781250e+00) (7, -3.37709283828735351562e+00) (8, -9.38374423980712890625e+00) (9, -4.19002819061279296875e+00) (0, 2.30016517639160156250e+00) (1, 8.83891868591308593750e+00) (2, 1.21750907897949218750e+01) (3, -8.55527591705322265625e+00) (4, 5.44363677501678466797e-01) (5, 6.95471000671386718750e+00) (6, -7.85696268081665039062e+00) (7, -1.13283348083496093750e+01) (8, -1.89742326736450195312e+00) (9, -3.47220420837402343750e+00) (10, 2.91134208440780639648e-01) (11, 3.56212282180786132812e+00) (12, 4.17958307266235351562e+00) (13, 4.89353799819946289062e+00) (14, -1.70813119411468505859e+00) 
