FANN_FLO_2.1
num_layers=3
learning_rate=0.500000
connection_rate=1.000000
network_type=0
learning_momentum=0.000000
training_algorithm=2
train_error_function=1
train_stop_function=0
cascade_output_change_fraction=0.010000
quickprop_decay=-0.000100
quickprop_mu=1.750000
rprop_increase_factor=1.200000
rprop_decrease_factor=0.500000
rprop_delta_min=0.000000
rprop_delta_max=50.000000
rprop_delta_zero=0.100000
cascade_output_stagnation_epochs=12
cascade_candidate_change_fraction=0.010000
cascade_candidate_stagnation_epochs=12
cascade_max_out_epochs=150
cascade_min_out_epochs=50
cascade_max_cand_epochs=150
cascade_min_cand_epochs=50
cascade_num_candidate_groups=2
bit_fail_limit=3.49999994039535522461e-01
cascade_candidate_limit=1.00000000000000000000e+03
cascade_weight_multiplier=4.00000005960464477539e-01
cascade_activation_functions_count=10
cascade_activation_functions=3 5 7 8 10 11 14 15 16 17 
cascade_activation_steepnesses_count=4
cascade_activation_steepnesses=2.50000000000000000000e-01 5.00000000000000000000e-01 7.50000000000000000000e-01 1.00000000000000000000e+00 
layer_sizes=10 5 2 
scale_included=0
neurons (num_inputs, activation_function, activation_steepness)=(0, 0, 0.00000000000000000000e+00) (0, 0, 0.00000000000000000000e+00) (0, 0, 0.00000000000000000000e+00) (0, 0, 0.00000000000000000000e+00) (0, 0, 0.00000000000000000000e+00) (0, 0, 0.00000000000000000000e+00) (0, 0, 0.00000000000000000000e+00) (0, 0, 0.00000000000000000000e+00) (0, 0, 0.00000000000000000000e+00) (0, 0, 0.00000000000000000000e+00) (10, 3, 5.00000000000000000000e-01) (10, 3, 5.00000000000000000000e-01) (10, 3, 5.00000000000000000000e-01) (10, 3, 5.00000000000000000000e-01) (0, 3, 0.00000000000000000000e+00) (5, 3, 5.00000000000000000000e-01) (0, 3, 0.00000000000000000000e+00) 
connections (connected_to_neuron, weight)=(0, 9.54917716979980468750e+00) (1, 2.75832462310791015625e+00) (2, -3.60964059829711914062e+00) (3, 1.03598670959472656250e+01) (4, 1.59599602222442626953e-01) (5, -1.13784618377685546875e+01) (6, 5.39486837387084960938e+00) (7, -5.51516389846801757812e+00) (8, -7.33910131454467773438e+00) (9, -2.65225362777709960938e+00) (0, -3.44266939163208007812e+00) (1, 1.14262747764587402344e+00) (2, 1.01517230272293090820e-01) (3, 4.83035230636596679688e+00) (4, 2.87433229386806488037e-02) (5, 7.99797725677490234375e+00) (6, -1.91286551952362060547e+00) (7, -2.57296252250671386719e+00) (8, 2.27046155929565429688e+00) (9, -4.68681097030639648438e+00) (0, -8.50724124908447265625e+00) (1, -1.55524139404296875000e+01) (2, -4.82087278366088867188e+00) (3, -1.01817798614501953125e+00) (4, 4.88574445247650146484e-01) (5, 1.49212586879730224609e+00) (6, 4.42537450790405273438e+00) (7, 1.46774311065673828125e+01) (8, 7.43823575973510742188e+00) (9, -2.22650384902954101562e+00) (0, -1.37186527252197265625e+00) (1, 1.00824966430664062500e+01) (2, 9.92172336578369140625e+00) (3, -1.23195314407348632812e+01) (4, 4.47730809450149536133e-01) (5, 1.03169536590576171875e+01) (6, -8.90993309020996093750e+00) (7, -8.57406806945800781250e+00) (8, 3.98846268653869628906e-01) (9, -3.04395699501037597656e+00) (10, 5.25940370559692382812e+00) (11, 3.06928843259811401367e-01) (12, 5.35839128494262695312e+00) (13, 5.36780929565429687500e+00) (14, -2.47736811637878417969e+00) 
