FANN_FLO_2.1
num_layers=3
learning_rate=0.500000
connection_rate=1.000000
network_type=0
learning_momentum=0.000000
training_algorithm=2
train_error_function=1
train_stop_function=0
cascade_output_change_fraction=0.010000
quickprop_decay=-0.000100
quickprop_mu=1.750000
rprop_increase_factor=1.200000
rprop_decrease_factor=0.500000
rprop_delta_min=0.000000
rprop_delta_max=50.000000
rprop_delta_zero=0.100000
cascade_output_stagnation_epochs=12
cascade_candidate_change_fraction=0.010000
cascade_candidate_stagnation_epochs=12
cascade_max_out_epochs=150
cascade_min_out_epochs=50
cascade_max_cand_epochs=150
cascade_min_cand_epochs=50
cascade_num_candidate_groups=2
bit_fail_limit=3.49999994039535522461e-01
cascade_candidate_limit=1.00000000000000000000e+03
cascade_weight_multiplier=4.00000005960464477539e-01
cascade_activation_functions_count=10
cascade_activation_functions=3 5 7 8 10 11 14 15 16 17 
cascade_activation_steepnesses_count=4
cascade_activation_steepnesses=2.50000000000000000000e-01 5.00000000000000000000e-01 7.50000000000000000000e-01 1.00000000000000000000e+00 
layer_sizes=10 3 2 
scale_included=0
neurons (num_inputs, activation_function, activation_steepness)=(0, 0, 0.00000000000000000000e+00) (0, 0, 0.00000000000000000000e+00) (0, 0, 0.00000000000000000000e+00) (0, 0, 0.00000000000000000000e+00) (0, 0, 0.00000000000000000000e+00) (0, 0, 0.00000000000000000000e+00) (0, 0, 0.00000000000000000000e+00) (0, 0, 0.00000000000000000000e+00) (0, 0, 0.00000000000000000000e+00) (0, 0, 0.00000000000000000000e+00) (10, 3, 5.00000000000000000000e-01) (10, 3, 5.00000000000000000000e-01) (0, 3, 0.00000000000000000000e+00) (3, 3, 5.00000000000000000000e-01) (0, 3, 0.00000000000000000000e+00) 
connections (connected_to_neuron, weight)=(0, -7.09848070144653320312e+00) (1, 2.33301115036010742188e+00) (2, 8.06665802001953125000e+00) (3, -1.33925876617431640625e+01) (4, 2.01597452163696289062e+00) (5, 8.54024982452392578125e+00) (6, -7.01299428939819335938e+00) (7, 1.42350780963897705078e+00) (8, 6.21061182022094726562e+00) (9, -3.85023546218872070312e+00) (0, 5.15436220169067382812e+00) (1, -7.52498388290405273438e-01) (2, -4.52308034896850585938e+00) (3, 1.07004289627075195312e+01) (4, 1.42971765995025634766e+00) (5, -1.20514440536499023438e+01) (6, 4.42791032791137695312e+00) (7, -5.50537586212158203125e-01) (8, -4.65043258666992187500e+00) (9, -2.46053957939147949219e+00) (10, 5.52563381195068359375e+00) (11, 5.48863077163696289062e+00) (12, -4.79033499956130981445e-01) 
