FANN_FLO_2.1
num_layers=3
learning_rate=0.500000
connection_rate=1.000000
network_type=0
learning_momentum=0.000000
training_algorithm=2
train_error_function=1
train_stop_function=0
cascade_output_change_fraction=0.010000
quickprop_decay=-0.000100
quickprop_mu=1.750000
rprop_increase_factor=1.200000
rprop_decrease_factor=0.500000
rprop_delta_min=0.000000
rprop_delta_max=50.000000
rprop_delta_zero=0.100000
cascade_output_stagnation_epochs=12
cascade_candidate_change_fraction=0.010000
cascade_candidate_stagnation_epochs=12
cascade_max_out_epochs=150
cascade_min_out_epochs=50
cascade_max_cand_epochs=150
cascade_min_cand_epochs=50
cascade_num_candidate_groups=2
bit_fail_limit=3.49999994039535522461e-01
cascade_candidate_limit=1.00000000000000000000e+03
cascade_weight_multiplier=4.00000005960464477539e-01
cascade_activation_functions_count=10
cascade_activation_functions=3 5 7 8 10 11 14 15 16 17 
cascade_activation_steepnesses_count=4
cascade_activation_steepnesses=2.50000000000000000000e-01 5.00000000000000000000e-01 7.50000000000000000000e-01 1.00000000000000000000e+00 
layer_sizes=10 5 2 
scale_included=0
neurons (num_inputs, activation_function, activation_steepness)=(0, 0, 0.00000000000000000000e+00) (0, 0, 0.00000000000000000000e+00) (0, 0, 0.00000000000000000000e+00) (0, 0, 0.00000000000000000000e+00) (0, 0, 0.00000000000000000000e+00) (0, 0, 0.00000000000000000000e+00) (0, 0, 0.00000000000000000000e+00) (0, 0, 0.00000000000000000000e+00) (0, 0, 0.00000000000000000000e+00) (0, 0, 0.00000000000000000000e+00) (10, 3, 5.00000000000000000000e-01) (10, 3, 5.00000000000000000000e-01) (10, 3, 5.00000000000000000000e-01) (10, 3, 5.00000000000000000000e-01) (0, 3, 0.00000000000000000000e+00) (5, 3, 5.00000000000000000000e-01) (0, 3, 0.00000000000000000000e+00) 
connections (connected_to_neuron, weight)=(0, -1.33769578933715820312e+01) (1, -7.20897245407104492188e+00) (2, 1.57884991168975830078e+00) (3, -1.45044851303100585938e+01) (4, 4.44926209747791290283e-02) (5, 1.40107946395874023438e+01) (6, -3.54575610160827636719e+00) (7, 7.56918859481811523438e+00) (8, 1.05798969268798828125e+01) (9, -1.46765279769897460938e+00) (0, -7.76111334562301635742e-02) (1, -1.16485776901245117188e+01) (2, -9.37109184265136718750e+00) (3, 1.19908771514892578125e+01) (4, 2.61147171258926391602e-01) (5, -1.40741405487060546875e+01) (6, 6.78148841857910156250e+00) (7, 1.35113611221313476562e+01) (8, -6.55191123485565185547e-01) (9, -2.16255784034729003906e+00) (0, -9.95627880096435546875e+00) (1, -1.36747131347656250000e+01) (2, -3.59915351867675781250e+00) (3, 2.58269757032394409180e-01) (4, 1.04408562183380126953e-01) (5, 5.57263314723968505859e-01) (6, 6.57044315338134765625e+00) (7, 1.76781902313232421875e+01) (8, 5.96630477905273437500e+00) (9, 2.89403378963470458984e-01) (0, 2.45391249656677246094e+00) (1, 4.88203704357147216797e-01) (2, 9.49688053131103515625e+00) (3, 4.16565752029418945312e+00) (4, 2.77115345001220703125e+00) (5, 2.82582330703735351562e+00) (6, 5.65946483612060546875e+00) (7, -5.76753318309783935547e-01) (8, 1.31526696681976318359e+00) (9, -8.67867565155029296875e+00) (10, 4.52692413330078125000e+00) (11, 5.23578739166259765625e+00) (12, -3.89651179313659667969e+00) (13, 2.61131525039672851562e+00) (14, -1.35345131158828735352e-01) 
