FANN_FLO_2.1
num_layers=3
learning_rate=0.500000
connection_rate=1.000000
network_type=0
learning_momentum=0.000000
training_algorithm=2
train_error_function=1
train_stop_function=0
cascade_output_change_fraction=0.010000
quickprop_decay=-0.000100
quickprop_mu=1.750000
rprop_increase_factor=1.200000
rprop_decrease_factor=0.500000
rprop_delta_min=0.000000
rprop_delta_max=50.000000
rprop_delta_zero=0.100000
cascade_output_stagnation_epochs=12
cascade_candidate_change_fraction=0.010000
cascade_candidate_stagnation_epochs=12
cascade_max_out_epochs=150
cascade_min_out_epochs=50
cascade_max_cand_epochs=150
cascade_min_cand_epochs=50
cascade_num_candidate_groups=2
bit_fail_limit=3.49999994039535522461e-01
cascade_candidate_limit=1.00000000000000000000e+03
cascade_weight_multiplier=4.00000005960464477539e-01
cascade_activation_functions_count=10
cascade_activation_functions=3 5 7 8 10 11 14 15 16 17 
cascade_activation_steepnesses_count=4
cascade_activation_steepnesses=2.50000000000000000000e-01 5.00000000000000000000e-01 7.50000000000000000000e-01 1.00000000000000000000e+00 
layer_sizes=10 5 2 
scale_included=0
neurons (num_inputs, activation_function, activation_steepness)=(0, 0, 0.00000000000000000000e+00) (0, 0, 0.00000000000000000000e+00) (0, 0, 0.00000000000000000000e+00) (0, 0, 0.00000000000000000000e+00) (0, 0, 0.00000000000000000000e+00) (0, 0, 0.00000000000000000000e+00) (0, 0, 0.00000000000000000000e+00) (0, 0, 0.00000000000000000000e+00) (0, 0, 0.00000000000000000000e+00) (0, 0, 0.00000000000000000000e+00) (10, 3, 5.00000000000000000000e-01) (10, 3, 5.00000000000000000000e-01) (10, 3, 5.00000000000000000000e-01) (10, 3, 5.00000000000000000000e-01) (0, 3, 0.00000000000000000000e+00) (5, 3, 5.00000000000000000000e-01) (0, 3, 0.00000000000000000000e+00) 
connections (connected_to_neuron, weight)=(0, 9.28301811218261718750e+00) (1, 9.41966247558593750000e+00) (2, 2.16123968362808227539e-01) (3, 3.89476251602172851562e+00) (4, 7.30711519718170166016e-01) (5, -2.26329183578491210938e+00) (6, -1.87916800379753112793e-01) (7, -1.08719940185546875000e+01) (8, -1.06661119461059570312e+01) (9, -2.22145509719848632812e+00) (0, -1.50000000000000000000e+03) (1, -2.35457515716552734375e+01) (2, -1.47502978515625000000e+03) (3, -1.68633055686950683594e+00) (4, -1.48369763183593750000e+03) (5, -1.50000000000000000000e+03) (6, -7.24582580566406250000e+02) (7, -6.74435974121093750000e+02) (8, -1.50000000000000000000e+03) (9, -7.27813720703125000000e+01) (0, -4.23262834548950195312e+00) (1, -1.25648374557495117188e+01) (2, -7.12790298461914062500e+00) (3, 5.23078393936157226562e+00) (4, -2.49212193489074707031e+00) (5, -6.11982917785644531250e+00) (6, 8.08169078826904296875e+00) (7, 1.43472948074340820312e+01) (8, 5.22055768966674804688e+00) (9, -3.49607968330383300781e+00) (0, -1.04858198165893554688e+01) (1, -1.17768871784210205078e+00) (2, 9.01310539245605468750e+00) (3, -2.13426303863525390625e+01) (4, 2.55147838592529296875e+00) (5, 1.62343044281005859375e+01) (6, -6.72112464904785156250e+00) (7, 1.42861725762486457825e-02) (8, 1.13725910186767578125e+01) (9, -3.75996232032775878906e+00) (10, 5.10685634613037109375e+00) (11, 1.50000000000000000000e+03) (12, 4.90713071823120117188e+00) (13, 4.21026325225830078125e+00) (14, -1.79489839076995849609e+00) 
