FANN_FLO_2.1
num_layers=3
learning_rate=0.500000
connection_rate=1.000000
network_type=0
learning_momentum=0.000000
training_algorithm=2
train_error_function=1
train_stop_function=0
cascade_output_change_fraction=0.010000
quickprop_decay=-0.000100
quickprop_mu=1.750000
rprop_increase_factor=1.200000
rprop_decrease_factor=0.500000
rprop_delta_min=0.000000
rprop_delta_max=50.000000
rprop_delta_zero=0.100000
cascade_output_stagnation_epochs=12
cascade_candidate_change_fraction=0.010000
cascade_candidate_stagnation_epochs=12
cascade_max_out_epochs=150
cascade_min_out_epochs=50
cascade_max_cand_epochs=150
cascade_min_cand_epochs=50
cascade_num_candidate_groups=2
bit_fail_limit=3.49999994039535522461e-01
cascade_candidate_limit=1.00000000000000000000e+03
cascade_weight_multiplier=4.00000005960464477539e-01
cascade_activation_functions_count=10
cascade_activation_functions=3 5 7 8 10 11 14 15 16 17 
cascade_activation_steepnesses_count=4
cascade_activation_steepnesses=2.50000000000000000000e-01 5.00000000000000000000e-01 7.50000000000000000000e-01 1.00000000000000000000e+00 
layer_sizes=10 3 2 
scale_included=0
neurons (num_inputs, activation_function, activation_steepness)=(0, 0, 0.00000000000000000000e+00) (0, 0, 0.00000000000000000000e+00) (0, 0, 0.00000000000000000000e+00) (0, 0, 0.00000000000000000000e+00) (0, 0, 0.00000000000000000000e+00) (0, 0, 0.00000000000000000000e+00) (0, 0, 0.00000000000000000000e+00) (0, 0, 0.00000000000000000000e+00) (0, 0, 0.00000000000000000000e+00) (0, 0, 0.00000000000000000000e+00) (10, 3, 5.00000000000000000000e-01) (10, 3, 5.00000000000000000000e-01) (0, 3, 0.00000000000000000000e+00) (3, 3, 5.00000000000000000000e-01) (0, 3, 0.00000000000000000000e+00) 
connections (connected_to_neuron, weight)=(0, 8.03254127502441406250e+00) (1, 1.33595647811889648438e+01) (2, 7.45535182952880859375e+00) (3, -3.07842373847961425781e+00) (4, -7.80604743957519531250e+00) (5, 7.27294969558715820312e+00) (6, -1.00731792449951171875e+01) (7, -7.79173898696899414062e+00) (8, -3.98935651779174804688e+00) (9, -5.09056520462036132812e+00) (0, -5.45765733718872070312e+00) (1, -1.22691764831542968750e+01) (2, -7.54850053787231445312e+00) (3, 2.51260232925415039062e+00) (4, -2.42932081222534179688e+00) (5, 7.07523763179779052734e-01) (6, 6.95245409011840820312e+00) (7, 1.20662965774536132812e+01) (8, 3.85465025901794433594e+00) (9, -2.09540724754333496094e+00) (10, 4.81639480590820312500e+00) (11, 4.00436544418334960938e+00) (12, -4.47808325290679931641e-01) 
