FANN_FLO_2.1
num_layers=3
learning_rate=0.500000
connection_rate=1.000000
network_type=0
learning_momentum=0.000000
training_algorithm=2
train_error_function=1
train_stop_function=0
cascade_output_change_fraction=0.010000
quickprop_decay=-0.000100
quickprop_mu=1.750000
rprop_increase_factor=1.200000
rprop_decrease_factor=0.500000
rprop_delta_min=0.000000
rprop_delta_max=50.000000
rprop_delta_zero=0.100000
cascade_output_stagnation_epochs=12
cascade_candidate_change_fraction=0.010000
cascade_candidate_stagnation_epochs=12
cascade_max_out_epochs=150
cascade_min_out_epochs=50
cascade_max_cand_epochs=150
cascade_min_cand_epochs=50
cascade_num_candidate_groups=2
bit_fail_limit=3.49999994039535522461e-01
cascade_candidate_limit=1.00000000000000000000e+03
cascade_weight_multiplier=4.00000005960464477539e-01
cascade_activation_functions_count=10
cascade_activation_functions=3 5 7 8 10 11 14 15 16 17 
cascade_activation_steepnesses_count=4
cascade_activation_steepnesses=2.50000000000000000000e-01 5.00000000000000000000e-01 7.50000000000000000000e-01 1.00000000000000000000e+00 
layer_sizes=10 3 2 
scale_included=0
neurons (num_inputs, activation_function, activation_steepness)=(0, 0, 0.00000000000000000000e+00) (0, 0, 0.00000000000000000000e+00) (0, 0, 0.00000000000000000000e+00) (0, 0, 0.00000000000000000000e+00) (0, 0, 0.00000000000000000000e+00) (0, 0, 0.00000000000000000000e+00) (0, 0, 0.00000000000000000000e+00) (0, 0, 0.00000000000000000000e+00) (0, 0, 0.00000000000000000000e+00) (0, 0, 0.00000000000000000000e+00) (10, 3, 5.00000000000000000000e-01) (10, 3, 5.00000000000000000000e-01) (0, 3, 0.00000000000000000000e+00) (3, 3, 5.00000000000000000000e-01) (0, 3, 0.00000000000000000000e+00) 
connections (connected_to_neuron, weight)=(0, 6.27185440063476562500e+00) (1, 9.30960941314697265625e+00) (2, 6.43882131576538085938e+00) (3, -2.08804440498352050781e+00) (4, -1.33218469619750976562e+01) (5, -1.23302435874938964844e+00) (6, 6.37488317489624023438e+00) (7, 7.98393392562866210938e+00) (8, 4.66010332107543945312e+00) (9, -7.05471324920654296875e+00) (0, 2.17299625277519226074e-01) (1, 2.72742938995361328125e+00) (2, -3.62273120880126953125e+00) (3, 1.73507881164550781250e+01) (4, -9.51547622680664062500e+00) (5, 1.38155479431152343750e+01) (6, 3.14692370593547821045e-02) (7, 7.98759102821350097656e-01) (8, 5.55205392837524414062e+00) (9, -7.23109579086303710938e+00) (10, 1.18770360946655273438e+00) (11, 1.19362187385559082031e+00) (12, -9.71837997436523437500e-01) 
