FANN_FLO_2.1
num_layers=3
learning_rate=0.500000
connection_rate=1.000000
network_type=0
learning_momentum=0.000000
training_algorithm=2
train_error_function=1
train_stop_function=0
cascade_output_change_fraction=0.010000
quickprop_decay=-0.000100
quickprop_mu=1.750000
rprop_increase_factor=1.200000
rprop_decrease_factor=0.500000
rprop_delta_min=0.000000
rprop_delta_max=50.000000
rprop_delta_zero=0.100000
cascade_output_stagnation_epochs=12
cascade_candidate_change_fraction=0.010000
cascade_candidate_stagnation_epochs=12
cascade_max_out_epochs=150
cascade_min_out_epochs=50
cascade_max_cand_epochs=150
cascade_min_cand_epochs=50
cascade_num_candidate_groups=2
bit_fail_limit=3.49999994039535522461e-01
cascade_candidate_limit=1.00000000000000000000e+03
cascade_weight_multiplier=4.00000005960464477539e-01
cascade_activation_functions_count=10
cascade_activation_functions=3 5 7 8 10 11 14 15 16 17 
cascade_activation_steepnesses_count=4
cascade_activation_steepnesses=2.50000000000000000000e-01 5.00000000000000000000e-01 7.50000000000000000000e-01 1.00000000000000000000e+00 
layer_sizes=10 3 2 
scale_included=0
neurons (num_inputs, activation_function, activation_steepness)=(0, 0, 0.00000000000000000000e+00) (0, 0, 0.00000000000000000000e+00) (0, 0, 0.00000000000000000000e+00) (0, 0, 0.00000000000000000000e+00) (0, 0, 0.00000000000000000000e+00) (0, 0, 0.00000000000000000000e+00) (0, 0, 0.00000000000000000000e+00) (0, 0, 0.00000000000000000000e+00) (0, 0, 0.00000000000000000000e+00) (0, 0, 0.00000000000000000000e+00) (10, 3, 5.00000000000000000000e-01) (10, 3, 5.00000000000000000000e-01) (0, 3, 0.00000000000000000000e+00) (3, 3, 5.00000000000000000000e-01) (0, 3, 0.00000000000000000000e+00) 
connections (connected_to_neuron, weight)=(0, 1.04165868759155273438e+01) (1, -3.36358880996704101562e+00) (2, 8.61807632446289062500e+00) (3, 2.26069068908691406250e+00) (4, 2.64474809169769287109e-01) (5, 2.96127915382385253906e+00) (6, 2.41815829277038574219e+00) (7, 1.87313222885131835938e+00) (8, 4.97533893585205078125e+00) (9, -8.30496215820312500000e+00) (0, -5.16875743865966796875e+00) (1, 1.47051429748535156250e+01) (2, 2.30233120918273925781e+00) (3, -7.88153362274169921875e+00) (4, 6.64062239229679107666e-03) (5, 3.00199580192565917969e+00) (6, 1.42795486450195312500e+01) (7, 1.27093353271484375000e+01) (8, -1.29682712554931640625e+01) (9, -5.17321014404296875000e+00) (10, 2.00727343559265136719e+00) (11, 7.55226731300354003906e-01) (12, -1.14308297634124755859e+00) 
