FANN_FLO_2.1
num_layers=3
learning_rate=0.500000
connection_rate=1.000000
network_type=0
learning_momentum=0.000000
training_algorithm=2
train_error_function=1
train_stop_function=0
cascade_output_change_fraction=0.010000
quickprop_decay=-0.000100
quickprop_mu=1.750000
rprop_increase_factor=1.200000
rprop_decrease_factor=0.500000
rprop_delta_min=0.000000
rprop_delta_max=50.000000
rprop_delta_zero=0.100000
cascade_output_stagnation_epochs=12
cascade_candidate_change_fraction=0.010000
cascade_candidate_stagnation_epochs=12
cascade_max_out_epochs=150
cascade_min_out_epochs=50
cascade_max_cand_epochs=150
cascade_min_cand_epochs=50
cascade_num_candidate_groups=2
bit_fail_limit=3.49999994039535522461e-01
cascade_candidate_limit=1.00000000000000000000e+03
cascade_weight_multiplier=4.00000005960464477539e-01
cascade_activation_functions_count=10
cascade_activation_functions=3 5 7 8 10 11 14 15 16 17 
cascade_activation_steepnesses_count=4
cascade_activation_steepnesses=2.50000000000000000000e-01 5.00000000000000000000e-01 7.50000000000000000000e-01 1.00000000000000000000e+00 
layer_sizes=10 3 2 
scale_included=0
neurons (num_inputs, activation_function, activation_steepness)=(0, 0, 0.00000000000000000000e+00) (0, 0, 0.00000000000000000000e+00) (0, 0, 0.00000000000000000000e+00) (0, 0, 0.00000000000000000000e+00) (0, 0, 0.00000000000000000000e+00) (0, 0, 0.00000000000000000000e+00) (0, 0, 0.00000000000000000000e+00) (0, 0, 0.00000000000000000000e+00) (0, 0, 0.00000000000000000000e+00) (0, 0, 0.00000000000000000000e+00) (10, 3, 5.00000000000000000000e-01) (10, 3, 5.00000000000000000000e-01) (0, 3, 0.00000000000000000000e+00) (3, 3, 5.00000000000000000000e-01) (0, 3, 0.00000000000000000000e+00) 
connections (connected_to_neuron, weight)=(0, 9.19049084186553955078e-01) (1, 1.50449204444885253906e+00) (2, 4.47926712036132812500e+00) (3, 1.23949003219604492188e+01) (4, 9.00067329406738281250e+00) (5, 1.66318392753601074219e+00) (6, -1.72421798706054687500e+01) (7, 9.34410631656646728516e-01) (8, 4.98411417007446289062e+00) (9, -5.72877693176269531250e+00) (0, 3.81566739082336425781e+00) (1, -6.53243839740753173828e-01) (2, 1.64611256122589111328e+00) (3, 8.33264827728271484375e+00) (4, -4.79237413406372070312e+00) (5, 1.52314386367797851562e+01) (6, 1.52677488327026367188e+01) (7, -1.15234842300415039062e+01) (8, -2.16013908386230468750e+00) (9, -5.81668329238891601562e+00) (10, 6.02299809455871582031e-01) (11, 1.88815116882324218750e+00) (12, -1.02586603164672851562e+00) 
