FANN_FLO_2.1
num_layers=3
learning_rate=0.500000
connection_rate=1.000000
network_type=0
learning_momentum=0.000000
training_algorithm=2
train_error_function=1
train_stop_function=0
cascade_output_change_fraction=0.010000
quickprop_decay=-0.000100
quickprop_mu=1.750000
rprop_increase_factor=1.200000
rprop_decrease_factor=0.500000
rprop_delta_min=0.000000
rprop_delta_max=50.000000
rprop_delta_zero=0.100000
cascade_output_stagnation_epochs=12
cascade_candidate_change_fraction=0.010000
cascade_candidate_stagnation_epochs=12
cascade_max_out_epochs=150
cascade_min_out_epochs=50
cascade_max_cand_epochs=150
cascade_min_cand_epochs=50
cascade_num_candidate_groups=2
bit_fail_limit=3.49999994039535522461e-01
cascade_candidate_limit=1.00000000000000000000e+03
cascade_weight_multiplier=4.00000005960464477539e-01
cascade_activation_functions_count=10
cascade_activation_functions=3 5 7 8 10 11 14 15 16 17 
cascade_activation_steepnesses_count=4
cascade_activation_steepnesses=2.50000000000000000000e-01 5.00000000000000000000e-01 7.50000000000000000000e-01 1.00000000000000000000e+00 
layer_sizes=6 5 2 
scale_included=0
neurons (num_inputs, activation_function, activation_steepness)=(0, 0, 0.00000000000000000000e+00) (0, 0, 0.00000000000000000000e+00) (0, 0, 0.00000000000000000000e+00) (0, 0, 0.00000000000000000000e+00) (0, 0, 0.00000000000000000000e+00) (0, 0, 0.00000000000000000000e+00) (6, 3, 5.00000000000000000000e-01) (6, 3, 5.00000000000000000000e-01) (6, 3, 5.00000000000000000000e-01) (6, 3, 5.00000000000000000000e-01) (0, 3, 0.00000000000000000000e+00) (5, 0, 5.00000000000000000000e-01) (0, 0, 0.00000000000000000000e+00) 
connections (connected_to_neuron, weight)=(0, 1.38010692596435546875e+00) (1, 6.11860322952270507812e+00) (2, -8.57166671752929687500e+00) (3, 3.47965419292449951172e-01) (4, 4.88358831405639648438e+00) (5, 2.24807190895080566406e+00) (0, 1.40582644939422607422e+00) (1, -2.87190461158752441406e+00) (2, -1.47878873348236083984e+00) (3, 1.39297189712524414062e+01) (4, -8.75406026840209960938e-01) (5, 2.38119149208068847656e+00) (0, -7.87772089242935180664e-02) (1, -1.12704478204250335693e-01) (2, 4.14577066898345947266e-01) (3, -3.22520107030868530273e-01) (4, -1.47370591759681701660e-01) (5, 2.24597647786140441895e-01) (0, -5.46044968068599700928e-02) (1, -7.12198391556739807129e-02) (2, 2.69596934318542480469e-01) (3, -3.38160663843154907227e-01) (4, -1.68465837836265563965e-01) (5, 2.45690271258354187012e-01) (6, 1.12835741043090820312e+00) (7, 1.14191651344299316406e+00) (8, 1.00668418407440185547e+00) (9, 1.05267119407653808594e+00) (10, 1.00763261318206787109e+00) 
