FANN_FLO_2.1
num_layers=3
learning_rate=0.500000
connection_rate=1.000000
network_type=0
learning_momentum=0.000000
training_algorithm=2
train_error_function=1
train_stop_function=0
cascade_output_change_fraction=0.010000
quickprop_decay=-0.000100
quickprop_mu=1.750000
rprop_increase_factor=1.200000
rprop_decrease_factor=0.500000
rprop_delta_min=0.000000
rprop_delta_max=50.000000
rprop_delta_zero=0.100000
cascade_output_stagnation_epochs=12
cascade_candidate_change_fraction=0.010000
cascade_candidate_stagnation_epochs=12
cascade_max_out_epochs=150
cascade_min_out_epochs=50
cascade_max_cand_epochs=150
cascade_min_cand_epochs=50
cascade_num_candidate_groups=2
bit_fail_limit=3.49999994039535522461e-01
cascade_candidate_limit=1.00000000000000000000e+03
cascade_weight_multiplier=4.00000005960464477539e-01
cascade_activation_functions_count=10
cascade_activation_functions=3 5 7 8 10 11 14 15 16 17 
cascade_activation_steepnesses_count=4
cascade_activation_steepnesses=2.50000000000000000000e-01 5.00000000000000000000e-01 7.50000000000000000000e-01 1.00000000000000000000e+00 
layer_sizes=10 5 2 
scale_included=0
neurons (num_inputs, activation_function, activation_steepness)=(0, 0, 0.00000000000000000000e+00) (0, 0, 0.00000000000000000000e+00) (0, 0, 0.00000000000000000000e+00) (0, 0, 0.00000000000000000000e+00) (0, 0, 0.00000000000000000000e+00) (0, 0, 0.00000000000000000000e+00) (0, 0, 0.00000000000000000000e+00) (0, 0, 0.00000000000000000000e+00) (0, 0, 0.00000000000000000000e+00) (0, 0, 0.00000000000000000000e+00) (10, 3, 5.00000000000000000000e-01) (10, 3, 5.00000000000000000000e-01) (10, 3, 5.00000000000000000000e-01) (10, 3, 5.00000000000000000000e-01) (0, 3, 0.00000000000000000000e+00) (5, 3, 5.00000000000000000000e-01) (0, 3, 0.00000000000000000000e+00) 
connections (connected_to_neuron, weight)=(0, -5.11766004562377929688e+00) (1, -1.64252166748046875000e+01) (2, -1.10152311325073242188e+01) (3, 5.31871986389160156250e+00) (4, -3.91398295760154724121e-02) (5, -8.89611053466796875000e+00) (6, 1.10841455459594726562e+01) (7, 1.44738655090332031250e+01) (8, 6.96188211441040039062e+00) (9, -2.02098870277404785156e+00) (0, 9.70254802703857421875e+00) (1, 3.37307214736938476562e+00) (2, -2.18004055023193359375e+01) (3, 3.44084281921386718750e+01) (4, 1.76384317874908447266e+00) (5, -4.12033424377441406250e+01) (6, 2.11558856964111328125e+01) (7, 2.58169341087341308594e+00) (8, -6.54993677139282226562e+00) (9, 4.39072322845458984375e+00) (0, -1.63827342987060546875e+01) (1, 1.90491008758544921875e+01) (2, 1.47015833854675292969e+00) (3, -2.05828857421875000000e+00) (4, 3.79947274923324584961e-01) (5, 2.70255875587463378906e+00) (6, 5.74814856052398681641e-01) (7, 5.62782096862792968750e+00) (8, 9.53532218933105468750e+00) (9, -7.62019824981689453125e+00) (0, 1.28346014022827148438e+01) (1, 5.12151384353637695312e+00) (2, 8.45355153083801269531e-01) (3, 8.69423198699951171875e+00) (4, 2.52952724695205688477e-01) (5, -8.13267040252685546875e+00) (6, -1.13274288177490234375e+00) (7, -1.05381240844726562500e+01) (8, -9.84541511535644531250e+00) (9, -2.23529386520385742188e+00) (10, 4.66061258316040039062e+00) (11, -3.27356362342834472656e+00) (12, 1.95780265331268310547e+00) (13, 5.78343677520751953125e+00) (14, 3.07006120681762695312e-01) 
