FANN_FLO_2.1
num_layers=3
learning_rate=0.500000
connection_rate=1.000000
network_type=0
learning_momentum=0.000000
training_algorithm=2
train_error_function=1
train_stop_function=0
cascade_output_change_fraction=0.010000
quickprop_decay=-0.000100
quickprop_mu=1.750000
rprop_increase_factor=1.200000
rprop_decrease_factor=0.500000
rprop_delta_min=0.000000
rprop_delta_max=50.000000
rprop_delta_zero=0.100000
cascade_output_stagnation_epochs=12
cascade_candidate_change_fraction=0.010000
cascade_candidate_stagnation_epochs=12
cascade_max_out_epochs=150
cascade_min_out_epochs=50
cascade_max_cand_epochs=150
cascade_min_cand_epochs=50
cascade_num_candidate_groups=2
bit_fail_limit=3.49999994039535522461e-01
cascade_candidate_limit=1.00000000000000000000e+03
cascade_weight_multiplier=4.00000005960464477539e-01
cascade_activation_functions_count=10
cascade_activation_functions=3 5 7 8 10 11 14 15 16 17 
cascade_activation_steepnesses_count=4
cascade_activation_steepnesses=2.50000000000000000000e-01 5.00000000000000000000e-01 7.50000000000000000000e-01 1.00000000000000000000e+00 
layer_sizes=10 3 2 
scale_included=0
neurons (num_inputs, activation_function, activation_steepness)=(0, 0, 0.00000000000000000000e+00) (0, 0, 0.00000000000000000000e+00) (0, 0, 0.00000000000000000000e+00) (0, 0, 0.00000000000000000000e+00) (0, 0, 0.00000000000000000000e+00) (0, 0, 0.00000000000000000000e+00) (0, 0, 0.00000000000000000000e+00) (0, 0, 0.00000000000000000000e+00) (0, 0, 0.00000000000000000000e+00) (0, 0, 0.00000000000000000000e+00) (10, 3, 5.00000000000000000000e-01) (10, 3, 5.00000000000000000000e-01) (0, 3, 0.00000000000000000000e+00) (3, 3, 5.00000000000000000000e-01) (0, 3, 0.00000000000000000000e+00) 
connections (connected_to_neuron, weight)=(0, 6.27113962173461914062e+00) (1, 1.10041055679321289062e+01) (2, 1.10309143066406250000e+01) (3, 1.90192151069641113281e+00) (4, 7.57181978225708007812e+00) (5, 1.83624303340911865234e+00) (6, -2.08892464637756347656e+00) (7, -2.12802715301513671875e+01) (8, 1.66436791419982910156e+00) (9, -6.74721765518188476562e+00) (0, -4.34512281417846679688e+00) (1, -1.44613714218139648438e+01) (2, -7.83714056015014648438e+00) (3, 2.88468909263610839844e+00) (4, -2.24211859703063964844e+00) (5, -5.23275882005691528320e-02) (6, 4.70093917846679687500e+00) (7, 1.50681400299072265625e+01) (8, 1.22548973560333251953e+00) (9, -1.17290961742401123047e+00) (10, 2.65893054008483886719e+00) (11, 5.05135297775268554688e+00) (12, -1.19627857208251953125e+00) 
