FANN_FLO_2.1
num_layers=3
learning_rate=0.500000
connection_rate=1.000000
network_type=0
learning_momentum=0.000000
training_algorithm=2
train_error_function=1
train_stop_function=0
cascade_output_change_fraction=0.010000
quickprop_decay=-0.000100
quickprop_mu=1.750000
rprop_increase_factor=1.200000
rprop_decrease_factor=0.500000
rprop_delta_min=0.000000
rprop_delta_max=50.000000
rprop_delta_zero=0.100000
cascade_output_stagnation_epochs=12
cascade_candidate_change_fraction=0.010000
cascade_candidate_stagnation_epochs=12
cascade_max_out_epochs=150
cascade_min_out_epochs=50
cascade_max_cand_epochs=150
cascade_min_cand_epochs=50
cascade_num_candidate_groups=2
bit_fail_limit=3.49999994039535522461e-01
cascade_candidate_limit=1.00000000000000000000e+03
cascade_weight_multiplier=4.00000005960464477539e-01
cascade_activation_functions_count=10
cascade_activation_functions=3 5 7 8 10 11 14 15 16 17 
cascade_activation_steepnesses_count=4
cascade_activation_steepnesses=2.50000000000000000000e-01 5.00000000000000000000e-01 7.50000000000000000000e-01 1.00000000000000000000e+00 
layer_sizes=6 5 2 
scale_included=0
neurons (num_inputs, activation_function, activation_steepness)=(0, 0, 0.00000000000000000000e+00) (0, 0, 0.00000000000000000000e+00) (0, 0, 0.00000000000000000000e+00) (0, 0, 0.00000000000000000000e+00) (0, 0, 0.00000000000000000000e+00) (0, 0, 0.00000000000000000000e+00) (6, 3, 5.00000000000000000000e-01) (6, 3, 5.00000000000000000000e-01) (6, 3, 5.00000000000000000000e-01) (6, 3, 5.00000000000000000000e-01) (0, 3, 0.00000000000000000000e+00) (5, 0, 5.00000000000000000000e-01) (0, 0, 0.00000000000000000000e+00) 
connections (connected_to_neuron, weight)=(0, 1.15807294845581054688e-01) (1, -1.12741696834564208984e+00) (2, -3.08832079172134399414e-01) (3, -2.10721063613891601562e+00) (4, 1.01120722293853759766e+00) (5, 8.57800126075744628906e-01) (0, 1.26954352855682373047e+00) (1, 2.74656677246093750000e+01) (2, -1.07987844944000244141e+00) (3, -8.73399448394775390625e+00) (4, -1.54540719985961914062e+01) (5, 6.67857503890991210938e+00) (0, -2.20523744821548461914e-01) (1, 3.87853771448135375977e-01) (2, 1.02567739784717559814e-01) (3, 6.76270544528961181641e-01) (4, 6.91486522555351257324e-02) (5, 4.42490577697753906250e-01) (0, 1.12685583531856536865e-01) (1, 3.41364532709121704102e-01) (2, 8.06451067328453063965e-02) (3, 1.32014119625091552734e+00) (4, -5.51321566104888916016e-01) (5, 3.74985426664352416992e-01) (6, 1.07389652729034423828e+00) (7, 1.17371499538421630859e+00) (8, 1.03091442584991455078e+00) (9, 1.05821526050567626953e+00) (10, 1.16478395462036132812e+00) 
