FANN_FLO_2.1
num_layers=3
learning_rate=0.500000
connection_rate=1.000000
network_type=0
learning_momentum=0.000000
training_algorithm=2
train_error_function=1
train_stop_function=0
cascade_output_change_fraction=0.010000
quickprop_decay=-0.000100
quickprop_mu=1.750000
rprop_increase_factor=1.200000
rprop_decrease_factor=0.500000
rprop_delta_min=0.000000
rprop_delta_max=50.000000
rprop_delta_zero=0.100000
cascade_output_stagnation_epochs=12
cascade_candidate_change_fraction=0.010000
cascade_candidate_stagnation_epochs=12
cascade_max_out_epochs=150
cascade_min_out_epochs=50
cascade_max_cand_epochs=150
cascade_min_cand_epochs=50
cascade_num_candidate_groups=2
bit_fail_limit=3.49999994039535522461e-01
cascade_candidate_limit=1.00000000000000000000e+03
cascade_weight_multiplier=4.00000005960464477539e-01
cascade_activation_functions_count=10
cascade_activation_functions=3 5 7 8 10 11 14 15 16 17 
cascade_activation_steepnesses_count=4
cascade_activation_steepnesses=2.50000000000000000000e-01 5.00000000000000000000e-01 7.50000000000000000000e-01 1.00000000000000000000e+00 
layer_sizes=6 5 2 
scale_included=0
neurons (num_inputs, activation_function, activation_steepness)=(0, 0, 0.00000000000000000000e+00) (0, 0, 0.00000000000000000000e+00) (0, 0, 0.00000000000000000000e+00) (0, 0, 0.00000000000000000000e+00) (0, 0, 0.00000000000000000000e+00) (0, 0, 0.00000000000000000000e+00) (6, 3, 5.00000000000000000000e-01) (6, 3, 5.00000000000000000000e-01) (6, 3, 5.00000000000000000000e-01) (6, 3, 5.00000000000000000000e-01) (0, 3, 0.00000000000000000000e+00) (5, 0, 5.00000000000000000000e-01) (0, 0, 0.00000000000000000000e+00) 
connections (connected_to_neuron, weight)=(0, -1.40991136431694030762e-02) (1, -2.22564674913883209229e-03) (2, 6.67725503444671630859e-02) (3, 2.47918181121349334717e-02) (4, 1.08925767242908477783e-01) (5, 3.39503824710845947266e-01) (0, 1.15005977451801300049e-01) (1, 9.18226242065429687500e-02) (2, -1.06653057038784027100e-01) (3, 1.59280166029930114746e-01) (4, -2.73568425327539443970e-02) (5, 2.96255588531494140625e-01) (0, -1.19434200227260589600e-01) (1, 1.21955975890159606934e-01) (2, -2.46860980987548828125e-01) (3, -8.23318883776664733887e-02) (4, 1.77942082285881042480e-01) (5, 3.63891363143920898438e-01) (0, 1.01583397388458251953e+00) (1, -1.13990783691406250000e+01) (2, 5.97936105728149414062e+00) (3, -9.84150171279907226562e-01) (4, -8.66366100311279296875e+00) (5, 4.22610473632812500000e+00) (6, 1.09398269653320312500e+00) (7, 1.07803916931152343750e+00) (8, 1.15657413005828857422e+00) (9, 1.25228714942932128906e+00) (10, 1.16802799701690673828e+00) 
