FANN_FLO_2.1
num_layers=3
learning_rate=0.500000
connection_rate=1.000000
network_type=0
learning_momentum=0.000000
training_algorithm=2
train_error_function=1
train_stop_function=0
cascade_output_change_fraction=0.010000
quickprop_decay=-0.000100
quickprop_mu=1.750000
rprop_increase_factor=1.200000
rprop_decrease_factor=0.500000
rprop_delta_min=0.000000
rprop_delta_max=50.000000
rprop_delta_zero=0.100000
cascade_output_stagnation_epochs=12
cascade_candidate_change_fraction=0.010000
cascade_candidate_stagnation_epochs=12
cascade_max_out_epochs=150
cascade_min_out_epochs=50
cascade_max_cand_epochs=150
cascade_min_cand_epochs=50
cascade_num_candidate_groups=2
bit_fail_limit=3.49999994039535522461e-01
cascade_candidate_limit=1.00000000000000000000e+03
cascade_weight_multiplier=4.00000005960464477539e-01
cascade_activation_functions_count=10
cascade_activation_functions=3 5 7 8 10 11 14 15 16 17 
cascade_activation_steepnesses_count=4
cascade_activation_steepnesses=2.50000000000000000000e-01 5.00000000000000000000e-01 7.50000000000000000000e-01 1.00000000000000000000e+00 
layer_sizes=10 5 2 
scale_included=0
neurons (num_inputs, activation_function, activation_steepness)=(0, 0, 0.00000000000000000000e+00) (0, 0, 0.00000000000000000000e+00) (0, 0, 0.00000000000000000000e+00) (0, 0, 0.00000000000000000000e+00) (0, 0, 0.00000000000000000000e+00) (0, 0, 0.00000000000000000000e+00) (0, 0, 0.00000000000000000000e+00) (0, 0, 0.00000000000000000000e+00) (0, 0, 0.00000000000000000000e+00) (0, 0, 0.00000000000000000000e+00) (10, 3, 5.00000000000000000000e-01) (10, 3, 5.00000000000000000000e-01) (10, 3, 5.00000000000000000000e-01) (10, 3, 5.00000000000000000000e-01) (0, 3, 0.00000000000000000000e+00) (5, 3, 5.00000000000000000000e-01) (0, 3, 0.00000000000000000000e+00) 
connections (connected_to_neuron, weight)=(0, -8.54894542694091796875e+00) (1, -1.01512229442596435547e+00) (2, 6.37012290954589843750e+00) (3, -1.82684497833251953125e+01) (4, 4.25862848758697509766e-01) (5, 1.70726737976074218750e+01) (6, -6.89705276489257812500e+00) (7, -1.19771242141723632812e+00) (8, 1.08351869583129882812e+01) (9, -2.43036746978759765625e+00) (0, 1.04019718170166015625e+01) (1, 9.41060829162597656250e+00) (2, 2.53248500823974609375e+00) (3, 7.36161184310913085938e+00) (4, 1.06257185339927673340e-01) (5, -6.19647645950317382812e+00) (6, -3.69812202453613281250e+00) (7, -1.01325635910034179688e+01) (8, -9.45232677459716796875e+00) (9, -3.03901934623718261719e+00) (0, -4.01705533266067504883e-01) (1, -1.10904064178466796875e+01) (2, -8.38101577758789062500e+00) (3, 5.77417802810668945312e+00) (4, 7.44972825050354003906e-01) (5, -8.26813793182373046875e+00) (6, 1.08278045654296875000e+01) (7, 1.13407773971557617188e+01) (8, 1.15561807155609130859e+00) (9, -4.80315971374511718750e+00) (0, 1.31373906135559082031e+00) (1, 5.02795410156250000000e+00) (2, -9.92143154144287109375e-02) (3, 5.31783998012542724609e-01) (4, 1.99503421783447265625e+00) (5, 2.14930701255798339844e+00) (6, 2.82364997863769531250e+01) (7, 6.88631439208984375000e+00) (8, -6.92901897430419921875e+00) (9, -8.45632743835449218750e+00) (10, 4.49281358718872070312e+00) (11, 4.96528816223144531250e+00) (12, 7.75679683685302734375e+00) (13, 6.98861777782440185547e-01) (14, -2.54920983314514160156e+00) 
