FANN_FLO_2.1
num_layers=3
learning_rate=0.500000
connection_rate=1.000000
network_type=0
learning_momentum=0.000000
training_algorithm=2
train_error_function=1
train_stop_function=0
cascade_output_change_fraction=0.010000
quickprop_decay=-0.000100
quickprop_mu=1.750000
rprop_increase_factor=1.200000
rprop_decrease_factor=0.500000
rprop_delta_min=0.000000
rprop_delta_max=50.000000
rprop_delta_zero=0.100000
cascade_output_stagnation_epochs=12
cascade_candidate_change_fraction=0.010000
cascade_candidate_stagnation_epochs=12
cascade_max_out_epochs=150
cascade_min_out_epochs=50
cascade_max_cand_epochs=150
cascade_min_cand_epochs=50
cascade_num_candidate_groups=2
bit_fail_limit=3.49999994039535522461e-01
cascade_candidate_limit=1.00000000000000000000e+03
cascade_weight_multiplier=4.00000005960464477539e-01
cascade_activation_functions_count=10
cascade_activation_functions=3 5 7 8 10 11 14 15 16 17 
cascade_activation_steepnesses_count=4
cascade_activation_steepnesses=2.50000000000000000000e-01 5.00000000000000000000e-01 7.50000000000000000000e-01 1.00000000000000000000e+00 
layer_sizes=10 3 2 
scale_included=0
neurons (num_inputs, activation_function, activation_steepness)=(0, 0, 0.00000000000000000000e+00) (0, 0, 0.00000000000000000000e+00) (0, 0, 0.00000000000000000000e+00) (0, 0, 0.00000000000000000000e+00) (0, 0, 0.00000000000000000000e+00) (0, 0, 0.00000000000000000000e+00) (0, 0, 0.00000000000000000000e+00) (0, 0, 0.00000000000000000000e+00) (0, 0, 0.00000000000000000000e+00) (0, 0, 0.00000000000000000000e+00) (10, 3, 5.00000000000000000000e-01) (10, 3, 5.00000000000000000000e-01) (0, 3, 0.00000000000000000000e+00) (3, 3, 5.00000000000000000000e-01) (0, 3, 0.00000000000000000000e+00) 
connections (connected_to_neuron, weight)=(0, 5.07866096496582031250e+00) (1, 7.30216741561889648438e+00) (2, 7.48318791389465332031e-01) (3, 1.52677869796752929688e+01) (4, -1.45913953781127929688e+01) (5, 1.13840970993041992188e+01) (6, -1.77622526884078979492e-01) (7, -7.42707777023315429688e+00) (8, 1.54037799835205078125e+01) (9, -9.66551876068115234375e+00) (0, -1.28813524246215820312e+01) (1, 3.08196067810058593750e+01) (2, 2.32162046432495117188e+00) (3, 6.80083155632019042969e-01) (4, 4.29870223999023437500e+00) (5, -9.76101493835449218750e+00) (6, 3.58648967742919921875e+00) (7, 1.70445976257324218750e+01) (8, 1.72004461288452148438e+00) (9, -1.20909261703491210938e+01) (10, 1.16055917739868164062e+00) (11, 8.82992386817932128906e-01) (12, -5.69313764572143554688e-01) 
