FANN_FLO_2.1
num_layers=3
learning_rate=0.500000
connection_rate=1.000000
network_type=0
learning_momentum=0.000000
training_algorithm=2
train_error_function=1
train_stop_function=0
cascade_output_change_fraction=0.010000
quickprop_decay=-0.000100
quickprop_mu=1.750000
rprop_increase_factor=1.200000
rprop_decrease_factor=0.500000
rprop_delta_min=0.000000
rprop_delta_max=50.000000
rprop_delta_zero=0.100000
cascade_output_stagnation_epochs=12
cascade_candidate_change_fraction=0.010000
cascade_candidate_stagnation_epochs=12
cascade_max_out_epochs=150
cascade_min_out_epochs=50
cascade_max_cand_epochs=150
cascade_min_cand_epochs=50
cascade_num_candidate_groups=2
bit_fail_limit=3.49999994039535522461e-01
cascade_candidate_limit=1.00000000000000000000e+03
cascade_weight_multiplier=4.00000005960464477539e-01
cascade_activation_functions_count=10
cascade_activation_functions=3 5 7 8 10 11 14 15 16 17 
cascade_activation_steepnesses_count=4
cascade_activation_steepnesses=2.50000000000000000000e-01 5.00000000000000000000e-01 7.50000000000000000000e-01 1.00000000000000000000e+00 
layer_sizes=10 5 2 
scale_included=0
neurons (num_inputs, activation_function, activation_steepness)=(0, 0, 0.00000000000000000000e+00) (0, 0, 0.00000000000000000000e+00) (0, 0, 0.00000000000000000000e+00) (0, 0, 0.00000000000000000000e+00) (0, 0, 0.00000000000000000000e+00) (0, 0, 0.00000000000000000000e+00) (0, 0, 0.00000000000000000000e+00) (0, 0, 0.00000000000000000000e+00) (0, 0, 0.00000000000000000000e+00) (0, 0, 0.00000000000000000000e+00) (10, 3, 5.00000000000000000000e-01) (10, 3, 5.00000000000000000000e-01) (10, 3, 5.00000000000000000000e-01) (10, 3, 5.00000000000000000000e-01) (0, 3, 0.00000000000000000000e+00) (5, 3, 5.00000000000000000000e-01) (0, 3, 0.00000000000000000000e+00) 
connections (connected_to_neuron, weight)=(0, 9.75796127319335937500e+00) (1, -2.38098392486572265625e+01) (2, -1.94390716552734375000e+01) (3, 1.76732196807861328125e+01) (4, 8.77663803100585937500e+00) (5, -3.54437561035156250000e+01) (6, 2.82506618499755859375e+01) (7, 1.29121389389038085938e+01) (8, -2.42142343521118164062e+00) (9, -6.80220937728881835938e+00) (0, 6.64051485061645507812e+00) (1, -3.09429311752319335938e+00) (2, -1.44292459487915039062e+01) (3, 7.23245239257812500000e+00) (4, 1.27546949386596679688e+01) (5, -6.54024541378021240234e-01) (6, -1.71757621765136718750e+01) (7, -1.44479751586914062500e+00) (8, 1.52982158660888671875e+01) (9, 1.52598059177398681641e+00) (0, -2.00202827453613281250e+01) (1, 6.39475774765014648438e+00) (2, 5.90555667877197265625e-01) (3, 1.75573368072509765625e+01) (4, -5.75909900665283203125e+00) (5, -1.06630814075469970703e+00) (6, 2.17702999114990234375e+01) (7, 1.79923856258392333984e+00) (8, 9.63668060302734375000e+00) (9, -1.00339279174804687500e+01) (0, 2.19836139678955078125e+00) (1, 7.27980184555053710938e+00) (2, 1.23891458511352539062e+01) (3, -1.28138570785522460938e+01) (4, 1.87162101268768310547e+00) (5, 9.73964118957519531250e+00) (6, -1.37408294677734375000e+01) (7, -7.76755380630493164062e+00) (8, -7.84295856952667236328e-01) (9, -3.48379707336425781250e+00) (10, 3.87413096427917480469e+00) (11, 1.35837268829345703125e+00) (12, 1.39355206489562988281e+00) (13, 4.77038717269897460938e+00) (14, -2.00804805755615234375e+00) 
