FANN_FLO_2.1
num_layers=3
learning_rate=0.500000
connection_rate=1.000000
network_type=0
learning_momentum=0.000000
training_algorithm=2
train_error_function=1
train_stop_function=0
cascade_output_change_fraction=0.010000
quickprop_decay=-0.000100
quickprop_mu=1.750000
rprop_increase_factor=1.200000
rprop_decrease_factor=0.500000
rprop_delta_min=0.000000
rprop_delta_max=50.000000
rprop_delta_zero=0.100000
cascade_output_stagnation_epochs=12
cascade_candidate_change_fraction=0.010000
cascade_candidate_stagnation_epochs=12
cascade_max_out_epochs=150
cascade_min_out_epochs=50
cascade_max_cand_epochs=150
cascade_min_cand_epochs=50
cascade_num_candidate_groups=2
bit_fail_limit=3.49999994039535522461e-01
cascade_candidate_limit=1.00000000000000000000e+03
cascade_weight_multiplier=4.00000005960464477539e-01
cascade_activation_functions_count=10
cascade_activation_functions=3 5 7 8 10 11 14 15 16 17 
cascade_activation_steepnesses_count=4
cascade_activation_steepnesses=2.50000000000000000000e-01 5.00000000000000000000e-01 7.50000000000000000000e-01 1.00000000000000000000e+00 
layer_sizes=10 5 2 
scale_included=0
neurons (num_inputs, activation_function, activation_steepness)=(0, 0, 0.00000000000000000000e+00) (0, 0, 0.00000000000000000000e+00) (0, 0, 0.00000000000000000000e+00) (0, 0, 0.00000000000000000000e+00) (0, 0, 0.00000000000000000000e+00) (0, 0, 0.00000000000000000000e+00) (0, 0, 0.00000000000000000000e+00) (0, 0, 0.00000000000000000000e+00) (0, 0, 0.00000000000000000000e+00) (0, 0, 0.00000000000000000000e+00) (10, 3, 5.00000000000000000000e-01) (10, 3, 5.00000000000000000000e-01) (10, 3, 5.00000000000000000000e-01) (10, 3, 5.00000000000000000000e-01) (0, 3, 0.00000000000000000000e+00) (5, 3, 5.00000000000000000000e-01) (0, 3, 0.00000000000000000000e+00) 
connections (connected_to_neuron, weight)=(0, -2.71725386381149291992e-01) (1, -1.28639125823974609375e+01) (2, -1.31683044433593750000e+01) (3, 1.31524734497070312500e+01) (4, 3.19054186344146728516e-01) (5, -1.32451276779174804688e+01) (6, 9.92520713806152343750e+00) (7, 1.16671791076660156250e+01) (8, 3.45585703849792480469e-01) (9, -1.95688271522521972656e+00) (0, -3.45144701004028320312e+00) (1, 4.90535497665405273438e+00) (2, 4.35338544845581054688e+00) (3, 8.24845016002655029297e-01) (4, -2.13260674476623535156e+00) (5, 2.66508698463439941406e+00) (6, 1.92060518264770507812e+00) (7, 7.84883546829223632812e+00) (8, 2.97783017158508300781e-01) (9, -7.60915422439575195312e+00) (0, -6.95287418365478515625e+00) (1, -3.35799384117126464844e+00) (2, 4.39730691909790039062e+00) (3, -1.42041053771972656250e+01) (4, 9.05289769172668457031e-01) (5, 1.20717182159423828125e+01) (6, -3.66505980491638183594e+00) (7, 2.41753160953521728516e-01) (8, 8.83864116668701171875e+00) (9, -1.78297579288482666016e+00) (0, 1.28083457946777343750e+01) (1, 1.01396741867065429688e+01) (2, 4.17268228530883789062e+00) (3, 3.22868466377258300781e+00) (4, 8.62603843212127685547e-01) (5, -3.79228615760803222656e+00) (6, -4.16088104248046875000e+00) (7, -1.21478872299194335938e+01) (8, -1.13213376998901367188e+01) (9, -2.84598302841186523438e+00) (10, 4.69943618774414062500e+00) (11, 1.22175955772399902344e+00) (12, 4.93169736862182617188e+00) (13, 4.81872987747192382812e+00) (14, -2.60267496109008789062e+00) 
