FANN_FLO_2.1
num_layers=3
learning_rate=0.500000
connection_rate=1.000000
network_type=0
learning_momentum=0.000000
training_algorithm=2
train_error_function=1
train_stop_function=0
cascade_output_change_fraction=0.010000
quickprop_decay=-0.000100
quickprop_mu=1.750000
rprop_increase_factor=1.200000
rprop_decrease_factor=0.500000
rprop_delta_min=0.000000
rprop_delta_max=50.000000
rprop_delta_zero=0.100000
cascade_output_stagnation_epochs=12
cascade_candidate_change_fraction=0.010000
cascade_candidate_stagnation_epochs=12
cascade_max_out_epochs=150
cascade_min_out_epochs=50
cascade_max_cand_epochs=150
cascade_min_cand_epochs=50
cascade_num_candidate_groups=2
bit_fail_limit=3.49999994039535522461e-01
cascade_candidate_limit=1.00000000000000000000e+03
cascade_weight_multiplier=4.00000005960464477539e-01
cascade_activation_functions_count=10
cascade_activation_functions=3 5 7 8 10 11 14 15 16 17 
cascade_activation_steepnesses_count=4
cascade_activation_steepnesses=2.50000000000000000000e-01 5.00000000000000000000e-01 7.50000000000000000000e-01 1.00000000000000000000e+00 
layer_sizes=10 3 2 
scale_included=0
neurons (num_inputs, activation_function, activation_steepness)=(0, 0, 0.00000000000000000000e+00) (0, 0, 0.00000000000000000000e+00) (0, 0, 0.00000000000000000000e+00) (0, 0, 0.00000000000000000000e+00) (0, 0, 0.00000000000000000000e+00) (0, 0, 0.00000000000000000000e+00) (0, 0, 0.00000000000000000000e+00) (0, 0, 0.00000000000000000000e+00) (0, 0, 0.00000000000000000000e+00) (0, 0, 0.00000000000000000000e+00) (10, 3, 5.00000000000000000000e-01) (10, 3, 5.00000000000000000000e-01) (0, 3, 0.00000000000000000000e+00) (3, 3, 5.00000000000000000000e-01) (0, 3, 0.00000000000000000000e+00) 
connections (connected_to_neuron, weight)=(0, 3.86178255081176757812e-01) (1, 1.26293659210205078125e+01) (2, -3.11278748512268066406e+00) (3, 1.72465095520019531250e+01) (4, -4.66450691223144531250e+00) (5, -1.04094219207763671875e+01) (6, 8.58277988433837890625e+00) (7, 6.12804126739501953125e+00) (8, 2.30618551373481750488e-01) (9, -8.97152709960937500000e+00) (0, -5.18866395950317382812e+00) (1, -1.61150264739990234375e+00) (2, 5.49549722671508789062e+00) (3, -1.49671888351440429688e+01) (4, 1.49373435974121093750e+00) (5, 1.21817054748535156250e+01) (6, -6.30309867858886718750e+00) (7, -1.14026463031768798828e+00) (8, 2.55753231048583984375e+00) (9, -2.53208667039871215820e-01) (10, 2.73694324493408203125e+00) (11, 5.41909980773925781250e+00) (12, -1.69186806678771972656e+00) 
