FANN_FLO_2.1
num_layers=3
learning_rate=0.500000
connection_rate=1.000000
network_type=0
learning_momentum=0.000000
training_algorithm=2
train_error_function=1
train_stop_function=0
cascade_output_change_fraction=0.010000
quickprop_decay=-0.000100
quickprop_mu=1.750000
rprop_increase_factor=1.200000
rprop_decrease_factor=0.500000
rprop_delta_min=0.000000
rprop_delta_max=50.000000
rprop_delta_zero=0.100000
cascade_output_stagnation_epochs=12
cascade_candidate_change_fraction=0.010000
cascade_candidate_stagnation_epochs=12
cascade_max_out_epochs=150
cascade_min_out_epochs=50
cascade_max_cand_epochs=150
cascade_min_cand_epochs=50
cascade_num_candidate_groups=2
bit_fail_limit=3.49999994039535522461e-01
cascade_candidate_limit=1.00000000000000000000e+03
cascade_weight_multiplier=4.00000005960464477539e-01
cascade_activation_functions_count=10
cascade_activation_functions=3 5 7 8 10 11 14 15 16 17 
cascade_activation_steepnesses_count=4
cascade_activation_steepnesses=2.50000000000000000000e-01 5.00000000000000000000e-01 7.50000000000000000000e-01 1.00000000000000000000e+00 
layer_sizes=10 3 2 
scale_included=0
neurons (num_inputs, activation_function, activation_steepness)=(0, 0, 0.00000000000000000000e+00) (0, 0, 0.00000000000000000000e+00) (0, 0, 0.00000000000000000000e+00) (0, 0, 0.00000000000000000000e+00) (0, 0, 0.00000000000000000000e+00) (0, 0, 0.00000000000000000000e+00) (0, 0, 0.00000000000000000000e+00) (0, 0, 0.00000000000000000000e+00) (0, 0, 0.00000000000000000000e+00) (0, 0, 0.00000000000000000000e+00) (10, 3, 5.00000000000000000000e-01) (10, 3, 5.00000000000000000000e-01) (0, 3, 0.00000000000000000000e+00) (3, 3, 5.00000000000000000000e-01) (0, 3, 0.00000000000000000000e+00) 
connections (connected_to_neuron, weight)=(0, 1.82653999328613281250e+00) (1, 3.79664540290832519531e+00) (2, 1.79013383388519287109e+00) (3, 2.12125339508056640625e+01) (4, 1.25383224487304687500e+01) (5, 5.68101310729980468750e+00) (6, -2.45065727233886718750e+01) (7, -8.87817680835723876953e-01) (8, 1.15818166732788085938e+01) (9, -1.07253265380859375000e+01) (0, 3.99311661720275878906e+00) (1, -7.91062176227569580078e-01) (2, 3.14102935791015625000e+00) (3, 9.36423397064208984375e+00) (4, -6.13212060928344726562e+00) (5, 1.54317483901977539062e+01) (6, 1.66151046752929687500e+01) (7, -1.15732336044311523438e+01) (8, -2.87948155403137207031e+00) (9, -6.26068925857543945312e+00) (10, 6.52486860752105712891e-01) (11, 1.83839023113250732422e+00) (12, -1.01920962333679199219e+00) 
