FANN_FLO_2.1
num_layers=3
learning_rate=0.500000
connection_rate=1.000000
network_type=0
learning_momentum=0.000000
training_algorithm=2
train_error_function=1
train_stop_function=0
cascade_output_change_fraction=0.010000
quickprop_decay=-0.000100
quickprop_mu=1.750000
rprop_increase_factor=1.200000
rprop_decrease_factor=0.500000
rprop_delta_min=0.000000
rprop_delta_max=50.000000
rprop_delta_zero=0.100000
cascade_output_stagnation_epochs=12
cascade_candidate_change_fraction=0.010000
cascade_candidate_stagnation_epochs=12
cascade_max_out_epochs=150
cascade_min_out_epochs=50
cascade_max_cand_epochs=150
cascade_min_cand_epochs=50
cascade_num_candidate_groups=2
bit_fail_limit=3.49999994039535522461e-01
cascade_candidate_limit=1.00000000000000000000e+03
cascade_weight_multiplier=4.00000005960464477539e-01
cascade_activation_functions_count=10
cascade_activation_functions=3 5 7 8 10 11 14 15 16 17 
cascade_activation_steepnesses_count=4
cascade_activation_steepnesses=2.50000000000000000000e-01 5.00000000000000000000e-01 7.50000000000000000000e-01 1.00000000000000000000e+00 
layer_sizes=10 5 2 
scale_included=0
neurons (num_inputs, activation_function, activation_steepness)=(0, 0, 0.00000000000000000000e+00) (0, 0, 0.00000000000000000000e+00) (0, 0, 0.00000000000000000000e+00) (0, 0, 0.00000000000000000000e+00) (0, 0, 0.00000000000000000000e+00) (0, 0, 0.00000000000000000000e+00) (0, 0, 0.00000000000000000000e+00) (0, 0, 0.00000000000000000000e+00) (0, 0, 0.00000000000000000000e+00) (0, 0, 0.00000000000000000000e+00) (10, 3, 5.00000000000000000000e-01) (10, 3, 5.00000000000000000000e-01) (10, 3, 5.00000000000000000000e-01) (10, 3, 5.00000000000000000000e-01) (0, 3, 0.00000000000000000000e+00) (5, 3, 5.00000000000000000000e-01) (0, 3, 0.00000000000000000000e+00) 
connections (connected_to_neuron, weight)=(0, -4.80392789840698242188e+00) (1, -3.53623733520507812500e+01) (2, -3.22995605468750000000e+01) (3, 9.75767612457275390625e+00) (4, -5.82742547988891601562e+00) (5, 5.08899116516113281250e+00) (6, 1.56553697586059570312e+01) (7, 3.51253089904785156250e+01) (8, -2.83040475845336914062e+00) (9, 1.47496914863586425781e+00) (0, 1.64821987152099609375e+01) (1, -4.47387266159057617188e+00) (2, -8.14769172668457031250e+00) (3, 5.20772123336791992188e+00) (4, -2.87381649017333984375e+00) (5, 1.07401456832885742188e+01) (6, 6.37177515029907226562e+00) (7, 5.46766233444213867188e+00) (8, 9.69550967216491699219e-01) (9, -9.39631175994873046875e+00) (0, 2.20036768913269042969e+00) (1, 8.79198741912841796875e+00) (2, -1.84677371978759765625e+01) (3, 1.61902866363525390625e+01) (4, -5.70084714889526367188e+00) (5, 1.09659347534179687500e+01) (6, 5.48900413513183593750e+00) (7, 9.58970367908477783203e-01) (8, -6.45627260208129882812e-01) (9, -8.51198101043701171875e+00) (0, -1.48430132865905761719e+00) (1, 9.67395210266113281250e+00) (2, 8.75231933593750000000e+00) (3, -7.14777135848999023438e+00) (4, 1.22520720958709716797e+00) (5, 3.46307325363159179688e+00) (6, -8.06970405578613281250e+00) (7, -1.00861902236938476562e+01) (8, 8.01252722740173339844e-01) (9, -2.89094734191894531250e+00) (10, 2.46456432342529296875e+00) (11, 9.68762874603271484375e-01) (12, 6.83339297771453857422e-01) (13, 7.27759170532226562500e+00) (14, -1.18169677257537841797e+00) 
