FANN_FLO_2.1
num_layers=3
learning_rate=0.500000
connection_rate=1.000000
network_type=0
learning_momentum=0.000000
training_algorithm=2
train_error_function=1
train_stop_function=0
cascade_output_change_fraction=0.010000
quickprop_decay=-0.000100
quickprop_mu=1.750000
rprop_increase_factor=1.200000
rprop_decrease_factor=0.500000
rprop_delta_min=0.000000
rprop_delta_max=50.000000
rprop_delta_zero=0.100000
cascade_output_stagnation_epochs=12
cascade_candidate_change_fraction=0.010000
cascade_candidate_stagnation_epochs=12
cascade_max_out_epochs=150
cascade_min_out_epochs=50
cascade_max_cand_epochs=150
cascade_min_cand_epochs=50
cascade_num_candidate_groups=2
bit_fail_limit=3.49999994039535522461e-01
cascade_candidate_limit=1.00000000000000000000e+03
cascade_weight_multiplier=4.00000005960464477539e-01
cascade_activation_functions_count=10
cascade_activation_functions=3 5 7 8 10 11 14 15 16 17 
cascade_activation_steepnesses_count=4
cascade_activation_steepnesses=2.50000000000000000000e-01 5.00000000000000000000e-01 7.50000000000000000000e-01 1.00000000000000000000e+00 
layer_sizes=10 5 2 
scale_included=0
neurons (num_inputs, activation_function, activation_steepness)=(0, 0, 0.00000000000000000000e+00) (0, 0, 0.00000000000000000000e+00) (0, 0, 0.00000000000000000000e+00) (0, 0, 0.00000000000000000000e+00) (0, 0, 0.00000000000000000000e+00) (0, 0, 0.00000000000000000000e+00) (0, 0, 0.00000000000000000000e+00) (0, 0, 0.00000000000000000000e+00) (0, 0, 0.00000000000000000000e+00) (0, 0, 0.00000000000000000000e+00) (10, 3, 5.00000000000000000000e-01) (10, 3, 5.00000000000000000000e-01) (10, 3, 5.00000000000000000000e-01) (10, 3, 5.00000000000000000000e-01) (0, 3, 0.00000000000000000000e+00) (5, 3, 5.00000000000000000000e-01) (0, 3, 0.00000000000000000000e+00) 
connections (connected_to_neuron, weight)=(0, 5.16877841949462890625e+00) (1, -5.99873602390289306641e-01) (2, 1.53602266311645507812e+00) (3, 1.14908723831176757812e+01) (4, -9.49763506650924682617e-02) (5, 9.57363033294677734375e+00) (6, -7.46418666839599609375e+00) (7, 6.28099632263183593750e+00) (8, 4.12699222564697265625e-01) (9, -6.48130464553833007812e+00) (0, 3.92760634422302246094e+00) (1, 3.54090380668640136719e+00) (2, 4.45465612411499023438e+00) (3, 3.50536251068115234375e+00) (4, -3.40593409538269042969e+00) (5, 8.80115795135498046875e+00) (6, 2.03463983535766601562e+00) (7, 1.18043384552001953125e+01) (8, -6.33641624450683593750e+00) (9, -6.47657203674316406250e+00) (0, 6.28256273269653320312e+00) (1, 6.78229570388793945312e+00) (2, 2.71992087364196777344e+00) (3, -4.95887279510498046875e+00) (4, -3.08835792541503906250e+00) (5, 7.47667551040649414062e+00) (6, 7.40483522415161132812e+00) (7, 1.45513000488281250000e+01) (8, -9.58627128601074218750e+00) (9, -5.95878458023071289062e+00) (0, 7.62397813796997070312e+00) (1, -5.21340227127075195312e+00) (2, -2.82854008674621582031e+00) (3, 1.53075237274169921875e+01) (4, -9.77692317962646484375e+00) (5, 8.31383895874023437500e+00) (6, -6.34273767471313476562e+00) (7, 2.16108846664428710938e+00) (8, 1.16956844329833984375e+01) (9, -5.82481527328491210938e+00) (10, 6.45308613777160644531e-01) (11, 7.49602913856506347656e-01) (12, 1.25302588939666748047e+00) (13, 4.77767527103424072266e-01) (14, -1.65326869487762451172e+00) 
