FANN_FLO_2.1
num_layers=3
learning_rate=0.500000
connection_rate=1.000000
network_type=0
learning_momentum=0.000000
training_algorithm=2
train_error_function=1
train_stop_function=0
cascade_output_change_fraction=0.010000
quickprop_decay=-0.000100
quickprop_mu=1.750000
rprop_increase_factor=1.200000
rprop_decrease_factor=0.500000
rprop_delta_min=0.000000
rprop_delta_max=50.000000
rprop_delta_zero=0.100000
cascade_output_stagnation_epochs=12
cascade_candidate_change_fraction=0.010000
cascade_candidate_stagnation_epochs=12
cascade_max_out_epochs=150
cascade_min_out_epochs=50
cascade_max_cand_epochs=150
cascade_min_cand_epochs=50
cascade_num_candidate_groups=2
bit_fail_limit=3.49999994039535522461e-01
cascade_candidate_limit=1.00000000000000000000e+03
cascade_weight_multiplier=4.00000005960464477539e-01
cascade_activation_functions_count=10
cascade_activation_functions=3 5 7 8 10 11 14 15 16 17 
cascade_activation_steepnesses_count=4
cascade_activation_steepnesses=2.50000000000000000000e-01 5.00000000000000000000e-01 7.50000000000000000000e-01 1.00000000000000000000e+00 
layer_sizes=6 5 2 
scale_included=0
neurons (num_inputs, activation_function, activation_steepness)=(0, 0, 0.00000000000000000000e+00) (0, 0, 0.00000000000000000000e+00) (0, 0, 0.00000000000000000000e+00) (0, 0, 0.00000000000000000000e+00) (0, 0, 0.00000000000000000000e+00) (0, 0, 0.00000000000000000000e+00) (6, 3, 5.00000000000000000000e-01) (6, 3, 5.00000000000000000000e-01) (6, 3, 5.00000000000000000000e-01) (6, 3, 5.00000000000000000000e-01) (0, 3, 0.00000000000000000000e+00) (5, 0, 5.00000000000000000000e-01) (0, 0, 0.00000000000000000000e+00) 
connections (connected_to_neuron, weight)=(0, -1.45859783515334129333e-02) (1, -4.06666435301303863525e-02) (2, 7.23387837409973144531e-01) (3, 5.13560064136981964111e-02) (4, -1.50127364322543144226e-02) (5, 4.17080551385879516602e-01) (0, -2.31952010653913021088e-03) (1, -1.68346434831619262695e-01) (2, 2.48224899172782897949e-01) (3, 7.80138224363327026367e-02) (4, -2.33685329556465148926e-01) (5, 3.43082875013351440430e-01) (0, -1.74129959195852279663e-02) (1, -1.28211647272109985352e-01) (2, -7.03316926956176757812e-01) (3, -3.43342311680316925049e-02) (4, -1.03162661194801330566e-01) (5, 3.24766963720321655273e-01) (0, 1.23579108715057373047e+00) (1, 1.03300838470458984375e+01) (2, -1.55410137176513671875e+01) (3, 4.26874399185180664062e+00) (4, 5.63667869567871093750e+00) (5, 4.21343278884887695312e+00) (6, 1.15321874618530273438e+00) (7, 1.08401715755462646484e+00) (8, 1.09640777111053466797e+00) (9, 1.22333931922912597656e+00) (10, 1.17319583892822265625e+00) 
