FANN_FLO_2.1
num_layers=3
learning_rate=0.500000
connection_rate=1.000000
network_type=0
learning_momentum=0.000000
training_algorithm=2
train_error_function=1
train_stop_function=0
cascade_output_change_fraction=0.010000
quickprop_decay=-0.000100
quickprop_mu=1.750000
rprop_increase_factor=1.200000
rprop_decrease_factor=0.500000
rprop_delta_min=0.000000
rprop_delta_max=50.000000
rprop_delta_zero=0.100000
cascade_output_stagnation_epochs=12
cascade_candidate_change_fraction=0.010000
cascade_candidate_stagnation_epochs=12
cascade_max_out_epochs=150
cascade_min_out_epochs=50
cascade_max_cand_epochs=150
cascade_min_cand_epochs=50
cascade_num_candidate_groups=2
bit_fail_limit=3.49999994039535522461e-01
cascade_candidate_limit=1.00000000000000000000e+03
cascade_weight_multiplier=4.00000005960464477539e-01
cascade_activation_functions_count=10
cascade_activation_functions=3 5 7 8 10 11 14 15 16 17 
cascade_activation_steepnesses_count=4
cascade_activation_steepnesses=2.50000000000000000000e-01 5.00000000000000000000e-01 7.50000000000000000000e-01 1.00000000000000000000e+00 
layer_sizes=6 5 2 
scale_included=0
neurons (num_inputs, activation_function, activation_steepness)=(0, 0, 0.00000000000000000000e+00) (0, 0, 0.00000000000000000000e+00) (0, 0, 0.00000000000000000000e+00) (0, 0, 0.00000000000000000000e+00) (0, 0, 0.00000000000000000000e+00) (0, 0, 0.00000000000000000000e+00) (6, 3, 5.00000000000000000000e-01) (6, 3, 5.00000000000000000000e-01) (6, 3, 5.00000000000000000000e-01) (6, 3, 5.00000000000000000000e-01) (0, 3, 0.00000000000000000000e+00) (5, 0, 5.00000000000000000000e-01) (0, 0, 0.00000000000000000000e+00) 
connections (connected_to_neuron, weight)=(0, 1.57327219843864440918e-01) (1, 8.07957164943218231201e-03) (2, 1.56594626605510711670e-02) (3, -1.91761940717697143555e-01) (4, 2.37183108925819396973e-01) (5, 3.69649201631546020508e-01) (0, 2.28956371545791625977e-01) (1, -5.61823308467864990234e-01) (2, -8.63207727670669555664e-02) (3, 9.22979041934013366699e-03) (4, -8.21390390396118164062e-01) (5, 6.07008278369903564453e-01) (0, 9.97682750225067138672e-01) (1, 1.33157911300659179688e+01) (2, -6.09840106964111328125e+00) (3, 9.00363826751708984375e+00) (4, -7.37049436569213867188e+00) (5, 5.19390583038330078125e+00) (0, -3.63560080528259277344e-01) (1, 3.82924705743789672852e-01) (2, 2.27541569620370864868e-02) (3, -2.86480665206909179688e-01) (4, 3.84694427251815795898e-01) (5, 3.51597100496292114258e-01) (6, 1.08456480503082275391e+00) (7, 1.13710570335388183594e+00) (8, 1.23463809490203857422e+00) (9, 1.08836972713470458984e+00) (10, 1.09686291217803955078e+00) 
