FANN_FLO_2.1
num_layers=3
learning_rate=0.500000
connection_rate=1.000000
network_type=0
learning_momentum=0.000000
training_algorithm=2
train_error_function=1
train_stop_function=0
cascade_output_change_fraction=0.010000
quickprop_decay=-0.000100
quickprop_mu=1.750000
rprop_increase_factor=1.200000
rprop_decrease_factor=0.500000
rprop_delta_min=0.000000
rprop_delta_max=50.000000
rprop_delta_zero=0.100000
cascade_output_stagnation_epochs=12
cascade_candidate_change_fraction=0.010000
cascade_candidate_stagnation_epochs=12
cascade_max_out_epochs=150
cascade_min_out_epochs=50
cascade_max_cand_epochs=150
cascade_min_cand_epochs=50
cascade_num_candidate_groups=2
bit_fail_limit=3.49999994039535522461e-01
cascade_candidate_limit=1.00000000000000000000e+03
cascade_weight_multiplier=4.00000005960464477539e-01
cascade_activation_functions_count=10
cascade_activation_functions=3 5 7 8 10 11 14 15 16 17 
cascade_activation_steepnesses_count=4
cascade_activation_steepnesses=2.50000000000000000000e-01 5.00000000000000000000e-01 7.50000000000000000000e-01 1.00000000000000000000e+00 
layer_sizes=6 5 2 
scale_included=0
neurons (num_inputs, activation_function, activation_steepness)=(0, 0, 0.00000000000000000000e+00) (0, 0, 0.00000000000000000000e+00) (0, 0, 0.00000000000000000000e+00) (0, 0, 0.00000000000000000000e+00) (0, 0, 0.00000000000000000000e+00) (0, 0, 0.00000000000000000000e+00) (6, 3, 5.00000000000000000000e-01) (6, 3, 5.00000000000000000000e-01) (6, 3, 5.00000000000000000000e-01) (6, 3, 5.00000000000000000000e-01) (0, 3, 0.00000000000000000000e+00) (5, 0, 5.00000000000000000000e-01) (0, 0, 0.00000000000000000000e+00) 
connections (connected_to_neuron, weight)=(0, 1.55974909663200378418e-01) (1, -1.79150795936584472656e+00) (2, -8.64821243286132812500e+00) (3, 1.25718116760253906250e-01) (4, -2.38061952590942382812e+00) (5, 3.88498353958129882812e+00) (0, -4.11136299371719360352e-02) (1, 5.73319959640502929688e+00) (2, -1.02131533622741699219e+00) (3, 2.44407796859741210938e+00) (4, 1.14999449253082275391e+00) (5, 3.87784051895141601562e+00) (0, -5.44179230928421020508e-02) (1, -1.84024333953857421875e+00) (2, 3.37301778793334960938e+00) (3, -5.02437973022460937500e+00) (4, 4.42268037796020507812e+00) (5, 3.89422917366027832031e+00) (0, 7.24169015884399414062e-01) (1, -4.07758140563964843750e+00) (2, 6.80454683303833007812e+00) (3, 7.04253292083740234375e+00) (4, -5.78157615661621093750e+00) (5, 3.31739974021911621094e+00) (6, 8.91839027404785156250e-01) (7, 9.00317192077636718750e-01) (8, 9.28998708724975585938e-01) (9, 8.57026457786560058594e-01) (10, 8.34613561630249023438e-01) 
