FANN_FLO_2.1
num_layers=3
learning_rate=0.500000
connection_rate=1.000000
network_type=0
learning_momentum=0.000000
training_algorithm=2
train_error_function=1
train_stop_function=0
cascade_output_change_fraction=0.010000
quickprop_decay=-0.000100
quickprop_mu=1.750000
rprop_increase_factor=1.200000
rprop_decrease_factor=0.500000
rprop_delta_min=0.000000
rprop_delta_max=50.000000
rprop_delta_zero=0.100000
cascade_output_stagnation_epochs=12
cascade_candidate_change_fraction=0.010000
cascade_candidate_stagnation_epochs=12
cascade_max_out_epochs=150
cascade_min_out_epochs=50
cascade_max_cand_epochs=150
cascade_min_cand_epochs=50
cascade_num_candidate_groups=2
bit_fail_limit=3.49999994039535522461e-01
cascade_candidate_limit=1.00000000000000000000e+03
cascade_weight_multiplier=4.00000005960464477539e-01
cascade_activation_functions_count=10
cascade_activation_functions=3 5 7 8 10 11 14 15 16 17 
cascade_activation_steepnesses_count=4
cascade_activation_steepnesses=2.50000000000000000000e-01 5.00000000000000000000e-01 7.50000000000000000000e-01 1.00000000000000000000e+00 
layer_sizes=10 3 2 
scale_included=0
neurons (num_inputs, activation_function, activation_steepness)=(0, 0, 0.00000000000000000000e+00) (0, 0, 0.00000000000000000000e+00) (0, 0, 0.00000000000000000000e+00) (0, 0, 0.00000000000000000000e+00) (0, 0, 0.00000000000000000000e+00) (0, 0, 0.00000000000000000000e+00) (0, 0, 0.00000000000000000000e+00) (0, 0, 0.00000000000000000000e+00) (0, 0, 0.00000000000000000000e+00) (0, 0, 0.00000000000000000000e+00) (10, 3, 5.00000000000000000000e-01) (10, 3, 5.00000000000000000000e-01) (0, 3, 0.00000000000000000000e+00) (3, 3, 5.00000000000000000000e-01) (0, 3, 0.00000000000000000000e+00) 
connections (connected_to_neuron, weight)=(0, 6.54574298858642578125e+00) (1, -1.71909117698669433594e+00) (2, -8.18726253509521484375e+00) (3, 1.18321943283081054688e+01) (4, 1.08809983730316162109e+00) (5, -1.40785284042358398438e+01) (6, 2.78286218643188476562e+00) (7, -2.64641977846622467041e-02) (8, -5.38533592224121093750e+00) (9, -5.58403551578521728516e-01) (0, -1.29089260101318359375e+01) (1, 3.50054001808166503906e+00) (2, 2.30152034759521484375e+01) (3, -1.17386207580566406250e+01) (4, 7.88582801818847656250e+00) (5, 5.67647027969360351562e+00) (6, 9.52172875404357910156e-02) (7, 4.55844497680664062500e+00) (8, 8.54341602325439453125e+00) (9, -9.56647968292236328125e+00) (10, 5.74442148208618164062e+00) (11, 2.35672378540039062500e+00) (12, -1.23696792125701904297e+00) 
