FANN_FLO_2.1
num_layers=3
learning_rate=0.500000
connection_rate=1.000000
network_type=0
learning_momentum=0.000000
training_algorithm=2
train_error_function=1
train_stop_function=0
cascade_output_change_fraction=0.010000
quickprop_decay=-0.000100
quickprop_mu=1.750000
rprop_increase_factor=1.200000
rprop_decrease_factor=0.500000
rprop_delta_min=0.000000
rprop_delta_max=50.000000
rprop_delta_zero=0.100000
cascade_output_stagnation_epochs=12
cascade_candidate_change_fraction=0.010000
cascade_candidate_stagnation_epochs=12
cascade_max_out_epochs=150
cascade_min_out_epochs=50
cascade_max_cand_epochs=150
cascade_min_cand_epochs=50
cascade_num_candidate_groups=2
bit_fail_limit=3.49999994039535522461e-01
cascade_candidate_limit=1.00000000000000000000e+03
cascade_weight_multiplier=4.00000005960464477539e-01
cascade_activation_functions_count=10
cascade_activation_functions=3 5 7 8 10 11 14 15 16 17 
cascade_activation_steepnesses_count=4
cascade_activation_steepnesses=2.50000000000000000000e-01 5.00000000000000000000e-01 7.50000000000000000000e-01 1.00000000000000000000e+00 
layer_sizes=6 5 2 
scale_included=0
neurons (num_inputs, activation_function, activation_steepness)=(0, 0, 0.00000000000000000000e+00) (0, 0, 0.00000000000000000000e+00) (0, 0, 0.00000000000000000000e+00) (0, 0, 0.00000000000000000000e+00) (0, 0, 0.00000000000000000000e+00) (0, 0, 0.00000000000000000000e+00) (6, 3, 5.00000000000000000000e-01) (6, 3, 5.00000000000000000000e-01) (6, 3, 5.00000000000000000000e-01) (6, 3, 5.00000000000000000000e-01) (0, 3, 0.00000000000000000000e+00) (5, 0, 5.00000000000000000000e-01) (0, 0, 0.00000000000000000000e+00) 
connections (connected_to_neuron, weight)=(0, 2.95335531234741210938e-01) (1, -3.47612470388412475586e-01) (2, -3.58831584453582763672e-01) (3, 9.46259871125221252441e-02) (4, -4.19123500585556030273e-01) (5, 2.96056300401687622070e-01) (0, 1.10605084896087646484e+00) (1, 3.65942668914794921875e+00) (2, -5.92710685729980468750e+00) (3, 1.33676958084106445312e+00) (4, 6.64310741424560546875e+00) (5, 2.03882241249084472656e+00) (0, 1.08226978778839111328e+00) (1, -3.75247669219970703125e+00) (2, 7.36150169372558593750e+00) (3, -9.73101806640625000000e+00) (4, 1.43789410591125488281e+00) (5, 2.28999519348144531250e+00) (0, -4.37299072742462158203e-01) (1, 8.24336856603622436523e-02) (2, 2.10322335362434387207e-01) (3, 7.76295900344848632812e-01) (4, -4.90694165229797363281e-01) (5, 3.09788078069686889648e-01) (6, 9.73352015018463134766e-01) (7, 1.11573624610900878906e+00) (8, 1.14217042922973632812e+00) (9, 1.02000963687896728516e+00) (10, 1.06279075145721435547e+00) 
