FANN_FLO_2.1
num_layers=3
learning_rate=0.500000
connection_rate=1.000000
network_type=0
learning_momentum=0.000000
training_algorithm=2
train_error_function=1
train_stop_function=0
cascade_output_change_fraction=0.010000
quickprop_decay=-0.000100
quickprop_mu=1.750000
rprop_increase_factor=1.200000
rprop_decrease_factor=0.500000
rprop_delta_min=0.000000
rprop_delta_max=50.000000
rprop_delta_zero=0.100000
cascade_output_stagnation_epochs=12
cascade_candidate_change_fraction=0.010000
cascade_candidate_stagnation_epochs=12
cascade_max_out_epochs=150
cascade_min_out_epochs=50
cascade_max_cand_epochs=150
cascade_min_cand_epochs=50
cascade_num_candidate_groups=2
bit_fail_limit=3.49999994039535522461e-01
cascade_candidate_limit=1.00000000000000000000e+03
cascade_weight_multiplier=4.00000005960464477539e-01
cascade_activation_functions_count=10
cascade_activation_functions=3 5 7 8 10 11 14 15 16 17 
cascade_activation_steepnesses_count=4
cascade_activation_steepnesses=2.50000000000000000000e-01 5.00000000000000000000e-01 7.50000000000000000000e-01 1.00000000000000000000e+00 
layer_sizes=10 5 2 
scale_included=0
neurons (num_inputs, activation_function, activation_steepness)=(0, 0, 0.00000000000000000000e+00) (0, 0, 0.00000000000000000000e+00) (0, 0, 0.00000000000000000000e+00) (0, 0, 0.00000000000000000000e+00) (0, 0, 0.00000000000000000000e+00) (0, 0, 0.00000000000000000000e+00) (0, 0, 0.00000000000000000000e+00) (0, 0, 0.00000000000000000000e+00) (0, 0, 0.00000000000000000000e+00) (0, 0, 0.00000000000000000000e+00) (10, 3, 5.00000000000000000000e-01) (10, 3, 5.00000000000000000000e-01) (10, 3, 5.00000000000000000000e-01) (10, 3, 5.00000000000000000000e-01) (0, 3, 0.00000000000000000000e+00) (5, 3, 5.00000000000000000000e-01) (0, 3, 0.00000000000000000000e+00) 
connections (connected_to_neuron, weight)=(0, 4.28551435470581054688e+00) (1, 1.22552099227905273438e+01) (2, 1.07822732925415039062e+01) (3, -8.01912498474121093750e+00) (4, -1.07507109642028808594e-01) (5, 8.95534610748291015625e+00) (6, -1.00778465270996093750e+01) (7, -1.47766485214233398438e+01) (8, -4.40265750885009765625e+00) (9, -3.10605406761169433594e+00) (0, -1.94993152618408203125e+01) (1, -2.14724807739257812500e+01) (2, -2.31135988235473632812e+00) (3, -1.43424415588378906250e+01) (4, 1.91198253631591796875e+00) (5, 1.44665832519531250000e+01) (6, 9.64364528656005859375e-01) (7, 2.18336467742919921875e+01) (8, 1.93193206787109375000e+01) (9, -6.23910379409790039062e+00) (0, -6.20873212814331054688e+00) (1, -6.51493358612060546875e+00) (2, 1.36582410335540771484e+00) (3, -1.20751771926879882812e+01) (4, -6.05005264282226562500e+00) (5, 1.19829368591308593750e+01) (6, 1.01235783100128173828e+00) (7, 7.82988595962524414062e+00) (8, 1.54492168426513671875e+01) (9, -3.19286441802978515625e+00) (0, 5.80059528350830078125e+00) (1, 5.96568584442138671875e-01) (2, -5.33605194091796875000e+00) (3, 1.50645999908447265625e+01) (4, 1.16890043020248413086e-01) (5, -1.68633308410644531250e+01) (6, 6.43358850479125976562e+00) (7, 6.94728255271911621094e-01) (8, -6.83586454391479492188e+00) (9, -3.01984858512878417969e+00) (10, 4.27419710159301757812e+00) (11, 3.79534959793090820312e+00) (12, 6.90021514892578125000e-01) (13, 5.23622417449951171875e+00) (14, -1.86799097061157226562e+00) 
