FANN_FLO_2.1
num_layers=3
learning_rate=0.500000
connection_rate=1.000000
network_type=0
learning_momentum=0.000000
training_algorithm=2
train_error_function=1
train_stop_function=0
cascade_output_change_fraction=0.010000
quickprop_decay=-0.000100
quickprop_mu=1.750000
rprop_increase_factor=1.200000
rprop_decrease_factor=0.500000
rprop_delta_min=0.000000
rprop_delta_max=50.000000
rprop_delta_zero=0.100000
cascade_output_stagnation_epochs=12
cascade_candidate_change_fraction=0.010000
cascade_candidate_stagnation_epochs=12
cascade_max_out_epochs=150
cascade_min_out_epochs=50
cascade_max_cand_epochs=150
cascade_min_cand_epochs=50
cascade_num_candidate_groups=2
bit_fail_limit=3.49999994039535522461e-01
cascade_candidate_limit=1.00000000000000000000e+03
cascade_weight_multiplier=4.00000005960464477539e-01
cascade_activation_functions_count=10
cascade_activation_functions=3 5 7 8 10 11 14 15 16 17 
cascade_activation_steepnesses_count=4
cascade_activation_steepnesses=2.50000000000000000000e-01 5.00000000000000000000e-01 7.50000000000000000000e-01 1.00000000000000000000e+00 
layer_sizes=10 5 2 
scale_included=0
neurons (num_inputs, activation_function, activation_steepness)=(0, 0, 0.00000000000000000000e+00) (0, 0, 0.00000000000000000000e+00) (0, 0, 0.00000000000000000000e+00) (0, 0, 0.00000000000000000000e+00) (0, 0, 0.00000000000000000000e+00) (0, 0, 0.00000000000000000000e+00) (0, 0, 0.00000000000000000000e+00) (0, 0, 0.00000000000000000000e+00) (0, 0, 0.00000000000000000000e+00) (0, 0, 0.00000000000000000000e+00) (10, 3, 5.00000000000000000000e-01) (10, 3, 5.00000000000000000000e-01) (10, 3, 5.00000000000000000000e-01) (10, 3, 5.00000000000000000000e-01) (0, 3, 0.00000000000000000000e+00) (5, 3, 5.00000000000000000000e-01) (0, 3, 0.00000000000000000000e+00) 
connections (connected_to_neuron, weight)=(0, 1.86525650024414062500e+01) (1, -9.65699386596679687500e+00) (2, -4.25142288208007812500e+00) (3, -5.46381855010986328125e+00) (4, 1.35081567764282226562e+01) (5, 5.83213281631469726562e+00) (6, 1.15366563200950622559e-01) (7, 6.26640176773071289062e+00) (8, -3.62351012229919433594e+00) (9, -2.94470191001892089844e+00) (0, -1.33575696945190429688e+01) (1, 1.49560012817382812500e+01) (2, 1.26870286464691162109e+00) (3, 6.80435132980346679688e+00) (4, -4.03262472152709960938e+00) (5, 2.92956948280334472656e+00) (6, 1.39476337432861328125e+01) (7, -5.31312465667724609375e+00) (8, 6.20485925674438476562e+00) (9, -3.75726294517517089844e+00) (0, 3.66159248352050781250e+01) (1, -1.25808238983154296875e+01) (2, 4.84557569026947021484e-01) (3, -2.24341259002685546875e+01) (4, -4.13234323263168334961e-01) (5, 2.01864689588546752930e-01) (6, 5.44233894348144531250e+00) (7, -6.38720178604125976562e+00) (8, 1.51887102127075195312e+01) (9, -3.71536874771118164062e+00) (0, -2.46768021583557128906e+00) (1, 6.60841035842895507812e+00) (2, 3.52954649925231933594e+00) (3, 4.87889766693115234375e+00) (4, -3.45645904541015625000e+00) (5, 6.90591335296630859375e+00) (6, 6.82036018371582031250e+00) (7, 1.70590591430664062500e+00) (8, 1.34203636646270751953e+00) (9, -6.91848278045654296875e+00) (10, 2.32422903180122375488e-01) (11, 1.28000187873840332031e+00) (12, 4.37224298715591430664e-01) (13, 2.31618976593017578125e+00) (14, -2.71793603897094726562e+00) 
