FANN_FLO_2.1
num_layers=3
learning_rate=0.500000
connection_rate=1.000000
network_type=0
learning_momentum=0.000000
training_algorithm=2
train_error_function=1
train_stop_function=0
cascade_output_change_fraction=0.010000
quickprop_decay=-0.000100
quickprop_mu=1.750000
rprop_increase_factor=1.200000
rprop_decrease_factor=0.500000
rprop_delta_min=0.000000
rprop_delta_max=50.000000
rprop_delta_zero=0.100000
cascade_output_stagnation_epochs=12
cascade_candidate_change_fraction=0.010000
cascade_candidate_stagnation_epochs=12
cascade_max_out_epochs=150
cascade_min_out_epochs=50
cascade_max_cand_epochs=150
cascade_min_cand_epochs=50
cascade_num_candidate_groups=2
bit_fail_limit=3.49999994039535522461e-01
cascade_candidate_limit=1.00000000000000000000e+03
cascade_weight_multiplier=4.00000005960464477539e-01
cascade_activation_functions_count=10
cascade_activation_functions=3 5 7 8 10 11 14 15 16 17 
cascade_activation_steepnesses_count=4
cascade_activation_steepnesses=2.50000000000000000000e-01 5.00000000000000000000e-01 7.50000000000000000000e-01 1.00000000000000000000e+00 
layer_sizes=10 5 2 
scale_included=0
neurons (num_inputs, activation_function, activation_steepness)=(0, 0, 0.00000000000000000000e+00) (0, 0, 0.00000000000000000000e+00) (0, 0, 0.00000000000000000000e+00) (0, 0, 0.00000000000000000000e+00) (0, 0, 0.00000000000000000000e+00) (0, 0, 0.00000000000000000000e+00) (0, 0, 0.00000000000000000000e+00) (0, 0, 0.00000000000000000000e+00) (0, 0, 0.00000000000000000000e+00) (0, 0, 0.00000000000000000000e+00) (10, 3, 5.00000000000000000000e-01) (10, 3, 5.00000000000000000000e-01) (10, 3, 5.00000000000000000000e-01) (10, 3, 5.00000000000000000000e-01) (0, 3, 0.00000000000000000000e+00) (5, 3, 5.00000000000000000000e-01) (0, 3, 0.00000000000000000000e+00) 
connections (connected_to_neuron, weight)=(0, -4.75119304656982421875e+00) (1, 4.11896258592605590820e-02) (2, 5.42458009719848632812e+00) (3, -1.74289207458496093750e+01) (4, 1.60938870906829833984e+00) (5, 1.05144672393798828125e+01) (6, -5.52832984924316406250e+00) (7, 1.82883381843566894531e+00) (8, 7.73906087875366210938e+00) (9, -4.04603958129882812500e+00) (0, 4.46120500564575195312e+00) (1, 8.56717824935913085938e-01) (2, 3.04679584503173828125e+00) (3, 2.05347681045532226562e+00) (4, 4.80412989854812622070e-01) (5, 5.92562913894653320312e+00) (6, 2.81221413612365722656e+00) (7, 1.86859703063964843750e+00) (8, 1.35555624961853027344e+00) (9, -5.94869852066040039062e+00) (0, -9.36187133789062500000e+02) (1, -2.04417098999023437500e+02) (2, -1.06677556037902832031e+00) (3, 4.77924987792968750000e+02) (4, -3.89911055564880371094e-01) (5, 1.14614191055297851562e+01) (6, -3.05858552455902099609e-01) (7, -1.66733622550964355469e-01) (8, -2.08966445922851562500e+00) (9, -1.69901117682456970215e-01) (0, -5.37204313278198242188e+00) (1, -5.87625885009765625000e+00) (2, 5.35071659088134765625e+00) (3, -1.65741558074951171875e+01) (4, -2.20993429422378540039e-01) (5, 1.26555700302124023438e+01) (6, -1.31777441501617431641e+00) (7, 3.33646535873413085938e+00) (8, 1.33284912109375000000e+01) (9, 8.41665148735046386719e-01) (10, 9.33331775665283203125e+00) (11, 2.41284561157226562500e+00) (12, 5.76237220764160156250e+01) (13, -2.88795828819274902344e+00) (14, 3.71000796556472778320e-01) 
