FANN_FLO_2.1
num_layers=3
learning_rate=0.500000
connection_rate=1.000000
network_type=0
learning_momentum=0.000000
training_algorithm=2
train_error_function=1
train_stop_function=0
cascade_output_change_fraction=0.010000
quickprop_decay=-0.000100
quickprop_mu=1.750000
rprop_increase_factor=1.200000
rprop_decrease_factor=0.500000
rprop_delta_min=0.000000
rprop_delta_max=50.000000
rprop_delta_zero=0.100000
cascade_output_stagnation_epochs=12
cascade_candidate_change_fraction=0.010000
cascade_candidate_stagnation_epochs=12
cascade_max_out_epochs=150
cascade_min_out_epochs=50
cascade_max_cand_epochs=150
cascade_min_cand_epochs=50
cascade_num_candidate_groups=2
bit_fail_limit=3.49999994039535522461e-01
cascade_candidate_limit=1.00000000000000000000e+03
cascade_weight_multiplier=4.00000005960464477539e-01
cascade_activation_functions_count=10
cascade_activation_functions=3 5 7 8 10 11 14 15 16 17 
cascade_activation_steepnesses_count=4
cascade_activation_steepnesses=2.50000000000000000000e-01 5.00000000000000000000e-01 7.50000000000000000000e-01 1.00000000000000000000e+00 
layer_sizes=10 3 2 
scale_included=0
neurons (num_inputs, activation_function, activation_steepness)=(0, 0, 0.00000000000000000000e+00) (0, 0, 0.00000000000000000000e+00) (0, 0, 0.00000000000000000000e+00) (0, 0, 0.00000000000000000000e+00) (0, 0, 0.00000000000000000000e+00) (0, 0, 0.00000000000000000000e+00) (0, 0, 0.00000000000000000000e+00) (0, 0, 0.00000000000000000000e+00) (0, 0, 0.00000000000000000000e+00) (0, 0, 0.00000000000000000000e+00) (10, 3, 5.00000000000000000000e-01) (10, 3, 5.00000000000000000000e-01) (0, 3, 0.00000000000000000000e+00) (3, 3, 5.00000000000000000000e-01) (0, 3, 0.00000000000000000000e+00) 
connections (connected_to_neuron, weight)=(0, 4.27801990509033203125e+00) (1, 2.48216852545738220215e-01) (2, 8.92860651016235351562e-01) (3, 1.21276845932006835938e+01) (4, -1.61891114711761474609e+00) (5, 3.94316887855529785156e+00) (6, -8.69662225246429443359e-01) (7, -1.97526311874389648438e+00) (8, 9.46664619445800781250e+00) (9, -6.91150331497192382812e+00) (0, 3.78703498840332031250e+00) (1, 1.28557062149047851562e+01) (2, -4.19373154640197753906e-01) (3, 8.78313350677490234375e+00) (4, -5.43530273437500000000e+00) (5, 2.08816218376159667969e+00) (6, -7.88615550845861434937e-03) (7, 3.97910922765731811523e-01) (8, 1.20109996795654296875e+01) (9, -7.38710927963256835938e+00) (10, 1.56062436103820800781e+00) (11, 2.18447780609130859375e+00) (12, -2.16379737854003906250e+00) 
