FANN_FLO_2.1
num_layers=3
learning_rate=0.500000
connection_rate=1.000000
network_type=0
learning_momentum=0.000000
training_algorithm=2
train_error_function=1
train_stop_function=0
cascade_output_change_fraction=0.010000
quickprop_decay=-0.000100
quickprop_mu=1.750000
rprop_increase_factor=1.200000
rprop_decrease_factor=0.500000
rprop_delta_min=0.000000
rprop_delta_max=50.000000
rprop_delta_zero=0.100000
cascade_output_stagnation_epochs=12
cascade_candidate_change_fraction=0.010000
cascade_candidate_stagnation_epochs=12
cascade_max_out_epochs=150
cascade_min_out_epochs=50
cascade_max_cand_epochs=150
cascade_min_cand_epochs=50
cascade_num_candidate_groups=2
bit_fail_limit=3.49999994039535522461e-01
cascade_candidate_limit=1.00000000000000000000e+03
cascade_weight_multiplier=4.00000005960464477539e-01
cascade_activation_functions_count=10
cascade_activation_functions=3 5 7 8 10 11 14 15 16 17 
cascade_activation_steepnesses_count=4
cascade_activation_steepnesses=2.50000000000000000000e-01 5.00000000000000000000e-01 7.50000000000000000000e-01 1.00000000000000000000e+00 
layer_sizes=10 5 2 
scale_included=0
neurons (num_inputs, activation_function, activation_steepness)=(0, 0, 0.00000000000000000000e+00) (0, 0, 0.00000000000000000000e+00) (0, 0, 0.00000000000000000000e+00) (0, 0, 0.00000000000000000000e+00) (0, 0, 0.00000000000000000000e+00) (0, 0, 0.00000000000000000000e+00) (0, 0, 0.00000000000000000000e+00) (0, 0, 0.00000000000000000000e+00) (0, 0, 0.00000000000000000000e+00) (0, 0, 0.00000000000000000000e+00) (10, 3, 5.00000000000000000000e-01) (10, 3, 5.00000000000000000000e-01) (10, 3, 5.00000000000000000000e-01) (10, 3, 5.00000000000000000000e-01) (0, 3, 0.00000000000000000000e+00) (5, 3, 5.00000000000000000000e-01) (0, 3, 0.00000000000000000000e+00) 
connections (connected_to_neuron, weight)=(0, -1.01682310104370117188e+01) (1, -3.08509498834609985352e-01) (2, 5.56494617462158203125e+00) (3, -1.52154951095581054688e+01) (4, -3.19585770368576049805e-01) (5, 1.55619497299194335938e+01) (6, -8.09322547912597656250e+00) (7, 2.91337347030639648438e+00) (8, 9.07920074462890625000e+00) (9, -2.52393031120300292969e+00) (0, -1.33511805534362792969e+00) (1, -1.29200487136840820312e+01) (2, -7.55885648727416992188e+00) (3, 4.93267953395843505859e-01) (4, 1.35701823234558105469e+00) (5, -3.62377738952636718750e+00) (6, 1.03286294937133789062e+01) (7, 1.08032512664794921875e+01) (8, 1.65088224411010742188e+00) (9, -2.40456461906433105469e+00) (0, 9.73519039154052734375e+00) (1, 1.61688823699951171875e+01) (2, 6.13753557205200195312e+00) (3, 9.29619431495666503906e-01) (4, -1.05289995670318603516e+00) (5, 6.04990720748901367188e-01) (6, -6.19560098648071289062e+00) (7, -1.67792663574218750000e+01) (8, -1.06495571136474609375e+01) (9, -2.80810999870300292969e+00) (0, 1.29423689842224121094e+00) (1, -6.67715489864349365234e-01) (2, -3.18563342094421386719e+00) (3, 8.37479877471923828125e+00) (4, -8.68392884731292724609e-01) (5, -7.26680183410644531250e+00) (6, 2.36247086524963378906e+00) (7, 1.78609991073608398438e+00) (8, -1.32062625885009765625e+00) (9, -1.82895350456237792969e+00) (10, 5.33746480941772460938e+00) (11, 3.51989316940307617188e+00) (12, 4.61025285720825195312e+00) (13, 5.18977069854736328125e+00) (14, -3.10385847091674804688e+00) 
