FANN_FLO_2.1
num_layers=3
learning_rate=0.500000
connection_rate=1.000000
network_type=0
learning_momentum=0.000000
training_algorithm=2
train_error_function=1
train_stop_function=0
cascade_output_change_fraction=0.010000
quickprop_decay=-0.000100
quickprop_mu=1.750000
rprop_increase_factor=1.200000
rprop_decrease_factor=0.500000
rprop_delta_min=0.000000
rprop_delta_max=50.000000
rprop_delta_zero=0.100000
cascade_output_stagnation_epochs=12
cascade_candidate_change_fraction=0.010000
cascade_candidate_stagnation_epochs=12
cascade_max_out_epochs=150
cascade_min_out_epochs=50
cascade_max_cand_epochs=150
cascade_min_cand_epochs=50
cascade_num_candidate_groups=2
bit_fail_limit=3.49999994039535522461e-01
cascade_candidate_limit=1.00000000000000000000e+03
cascade_weight_multiplier=4.00000005960464477539e-01
cascade_activation_functions_count=10
cascade_activation_functions=3 5 7 8 10 11 14 15 16 17 
cascade_activation_steepnesses_count=4
cascade_activation_steepnesses=2.50000000000000000000e-01 5.00000000000000000000e-01 7.50000000000000000000e-01 1.00000000000000000000e+00 
layer_sizes=10 3 2 
scale_included=0
neurons (num_inputs, activation_function, activation_steepness)=(0, 0, 0.00000000000000000000e+00) (0, 0, 0.00000000000000000000e+00) (0, 0, 0.00000000000000000000e+00) (0, 0, 0.00000000000000000000e+00) (0, 0, 0.00000000000000000000e+00) (0, 0, 0.00000000000000000000e+00) (0, 0, 0.00000000000000000000e+00) (0, 0, 0.00000000000000000000e+00) (0, 0, 0.00000000000000000000e+00) (0, 0, 0.00000000000000000000e+00) (10, 3, 5.00000000000000000000e-01) (10, 3, 5.00000000000000000000e-01) (0, 3, 0.00000000000000000000e+00) (3, 3, 5.00000000000000000000e-01) (0, 3, 0.00000000000000000000e+00) 
connections (connected_to_neuron, weight)=(0, 8.25684452056884765625e+00) (1, 9.90192031860351562500e+00) (2, -2.36275506019592285156e+00) (3, 9.13213863968849182129e-02) (4, -1.20319833755493164062e+01) (5, 2.90743780136108398438e+00) (6, 5.14854764938354492188e+00) (7, 4.24178838729858398438e+00) (8, 8.76097488403320312500e+00) (9, -7.47863149642944335938e+00) (0, -8.48424148559570312500e+00) (1, -3.27864384651184082031e+00) (2, 2.20745048522949218750e+01) (3, 1.73505649566650390625e+01) (4, -1.19373769760131835938e+01) (5, 3.17907762527465820312e+00) (6, 4.49556303024291992188e+00) (7, 2.46219253540039062500e+00) (8, -2.28644013404846191406e+00) (9, -5.77557134628295898438e+00) (10, 1.39243113994598388672e+00) (11, 9.46091711521148681641e-01) (12, -8.43826711177825927734e-01) 
