FANN_FLO_2.1
num_layers=3
learning_rate=0.500000
connection_rate=1.000000
network_type=0
learning_momentum=0.000000
training_algorithm=2
train_error_function=1
train_stop_function=0
cascade_output_change_fraction=0.010000
quickprop_decay=-0.000100
quickprop_mu=1.750000
rprop_increase_factor=1.200000
rprop_decrease_factor=0.500000
rprop_delta_min=0.000000
rprop_delta_max=50.000000
rprop_delta_zero=0.100000
cascade_output_stagnation_epochs=12
cascade_candidate_change_fraction=0.010000
cascade_candidate_stagnation_epochs=12
cascade_max_out_epochs=150
cascade_min_out_epochs=50
cascade_max_cand_epochs=150
cascade_min_cand_epochs=50
cascade_num_candidate_groups=2
bit_fail_limit=3.49999994039535522461e-01
cascade_candidate_limit=1.00000000000000000000e+03
cascade_weight_multiplier=4.00000005960464477539e-01
cascade_activation_functions_count=10
cascade_activation_functions=3 5 7 8 10 11 14 15 16 17 
cascade_activation_steepnesses_count=4
cascade_activation_steepnesses=2.50000000000000000000e-01 5.00000000000000000000e-01 7.50000000000000000000e-01 1.00000000000000000000e+00 
layer_sizes=10 3 2 
scale_included=0
neurons (num_inputs, activation_function, activation_steepness)=(0, 0, 0.00000000000000000000e+00) (0, 0, 0.00000000000000000000e+00) (0, 0, 0.00000000000000000000e+00) (0, 0, 0.00000000000000000000e+00) (0, 0, 0.00000000000000000000e+00) (0, 0, 0.00000000000000000000e+00) (0, 0, 0.00000000000000000000e+00) (0, 0, 0.00000000000000000000e+00) (0, 0, 0.00000000000000000000e+00) (0, 0, 0.00000000000000000000e+00) (10, 3, 5.00000000000000000000e-01) (10, 3, 5.00000000000000000000e-01) (0, 3, 0.00000000000000000000e+00) (3, 3, 5.00000000000000000000e-01) (0, 3, 0.00000000000000000000e+00) 
connections (connected_to_neuron, weight)=(0, -7.14480638504028320312e+00) (1, 4.90663862228393554688e+00) (2, 2.97515487670898437500e+00) (3, 1.98427753448486328125e+01) (4, -8.90386867523193359375e+00) (5, 1.04668426513671875000e+01) (6, 7.90782928466796875000e-01) (7, 1.87941825389862060547e+00) (8, 2.39985394477844238281e+00) (9, -6.93303537368774414062e+00) (0, 1.10051527023315429688e+01) (1, 7.32980632781982421875e+00) (2, 4.65123748779296875000e+00) (3, -5.72611713409423828125e+00) (4, -1.21572294235229492188e+01) (5, -7.57776439189910888672e-01) (6, 7.64590454101562500000e+00) (7, 8.30102729797363281250e+00) (8, 4.95845603942871093750e+00) (9, -7.29899644851684570312e+00) (10, 1.32266139984130859375e+00) (11, 1.16650557518005371094e+00) (12, -1.07001459598541259766e+00) 
