FANN_FLO_2.1
num_layers=3
learning_rate=0.500000
connection_rate=1.000000
network_type=0
learning_momentum=0.000000
training_algorithm=2
train_error_function=1
train_stop_function=0
cascade_output_change_fraction=0.010000
quickprop_decay=-0.000100
quickprop_mu=1.750000
rprop_increase_factor=1.200000
rprop_decrease_factor=0.500000
rprop_delta_min=0.000000
rprop_delta_max=50.000000
rprop_delta_zero=0.100000
cascade_output_stagnation_epochs=12
cascade_candidate_change_fraction=0.010000
cascade_candidate_stagnation_epochs=12
cascade_max_out_epochs=150
cascade_min_out_epochs=50
cascade_max_cand_epochs=150
cascade_min_cand_epochs=50
cascade_num_candidate_groups=2
bit_fail_limit=3.49999994039535522461e-01
cascade_candidate_limit=1.00000000000000000000e+03
cascade_weight_multiplier=4.00000005960464477539e-01
cascade_activation_functions_count=10
cascade_activation_functions=3 5 7 8 10 11 14 15 16 17 
cascade_activation_steepnesses_count=4
cascade_activation_steepnesses=2.50000000000000000000e-01 5.00000000000000000000e-01 7.50000000000000000000e-01 1.00000000000000000000e+00 
layer_sizes=6 5 2 
scale_included=0
neurons (num_inputs, activation_function, activation_steepness)=(0, 0, 0.00000000000000000000e+00) (0, 0, 0.00000000000000000000e+00) (0, 0, 0.00000000000000000000e+00) (0, 0, 0.00000000000000000000e+00) (0, 0, 0.00000000000000000000e+00) (0, 0, 0.00000000000000000000e+00) (6, 3, 5.00000000000000000000e-01) (6, 3, 5.00000000000000000000e-01) (6, 3, 5.00000000000000000000e-01) (6, 3, 5.00000000000000000000e-01) (0, 3, 0.00000000000000000000e+00) (5, 0, 5.00000000000000000000e-01) (0, 0, 0.00000000000000000000e+00) 
connections (connected_to_neuron, weight)=(0, -3.15580427646636962891e-01) (1, -3.77495408058166503906e-01) (2, -9.80882763862609863281e-01) (3, 1.18160665035247802734e-01) (4, 1.78425621986389160156e+00) (5, 3.58408498764038085938e+00) (0, 8.20007681846618652344e-01) (1, 6.55680274963378906250e+00) (2, -8.77071094512939453125e+00) (3, -1.40922844409942626953e+00) (4, 3.02232456207275390625e+00) (5, 3.38634228706359863281e+00) (0, 8.16611826419830322266e-01) (1, 4.63614225387573242188e+00) (2, 1.11192321777343750000e+01) (3, -7.22117567062377929688e+00) (4, -1.80326259136199951172e+00) (5, 3.68635296821594238281e+00) (0, 8.45464885234832763672e-01) (1, -1.01837215423583984375e+01) (2, 2.94896817207336425781e+00) (3, 1.21128225326538085938e+00) (4, -1.04672670364379882812e-01) (5, 3.36389899253845214844e+00) (6, 8.82347762584686279297e-01) (7, 8.62797439098358154297e-01) (8, 8.38317692279815673828e-01) (9, 9.09195303916931152344e-01) (10, 9.18675780296325683594e-01) 
