FANN_FLO_2.1
num_layers=3
learning_rate=0.500000
connection_rate=1.000000
network_type=0
learning_momentum=0.000000
training_algorithm=2
train_error_function=1
train_stop_function=0
cascade_output_change_fraction=0.010000
quickprop_decay=-0.000100
quickprop_mu=1.750000
rprop_increase_factor=1.200000
rprop_decrease_factor=0.500000
rprop_delta_min=0.000000
rprop_delta_max=50.000000
rprop_delta_zero=0.100000
cascade_output_stagnation_epochs=12
cascade_candidate_change_fraction=0.010000
cascade_candidate_stagnation_epochs=12
cascade_max_out_epochs=150
cascade_min_out_epochs=50
cascade_max_cand_epochs=150
cascade_min_cand_epochs=50
cascade_num_candidate_groups=2
bit_fail_limit=3.49999994039535522461e-01
cascade_candidate_limit=1.00000000000000000000e+03
cascade_weight_multiplier=4.00000005960464477539e-01
cascade_activation_functions_count=10
cascade_activation_functions=3 5 7 8 10 11 14 15 16 17 
cascade_activation_steepnesses_count=4
cascade_activation_steepnesses=2.50000000000000000000e-01 5.00000000000000000000e-01 7.50000000000000000000e-01 1.00000000000000000000e+00 
layer_sizes=10 3 2 
scale_included=0
neurons (num_inputs, activation_function, activation_steepness)=(0, 0, 0.00000000000000000000e+00) (0, 0, 0.00000000000000000000e+00) (0, 0, 0.00000000000000000000e+00) (0, 0, 0.00000000000000000000e+00) (0, 0, 0.00000000000000000000e+00) (0, 0, 0.00000000000000000000e+00) (0, 0, 0.00000000000000000000e+00) (0, 0, 0.00000000000000000000e+00) (0, 0, 0.00000000000000000000e+00) (0, 0, 0.00000000000000000000e+00) (10, 3, 5.00000000000000000000e-01) (10, 3, 5.00000000000000000000e-01) (0, 3, 0.00000000000000000000e+00) (3, 3, 5.00000000000000000000e-01) (0, 3, 0.00000000000000000000e+00) 
connections (connected_to_neuron, weight)=(0, 5.87448358535766601562e+00) (1, -3.66430783271789550781e+00) (2, 9.60189723968505859375e+00) (3, 9.06278038024902343750e+00) (4, -4.55268859863281250000e+00) (5, -4.71853685379028320312e+00) (6, -1.54887759685516357422e+00) (7, 7.46270418167114257812e+00) (8, 1.21234512329101562500e+01) (9, -6.71410322189331054688e+00) (0, 5.73718023300170898438e+00) (1, -1.49693739414215087891e+00) (2, 3.64161801338195800781e+00) (3, 3.99390649795532226562e+00) (4, -2.58963179588317871094e+00) (5, 1.27991037368774414062e+01) (6, 3.00899696350097656250e+00) (7, 1.06959257125854492188e+01) (8, -9.67764186859130859375e+00) (9, -7.25120496749877929688e+00) (10, 1.29419827461242675781e+00) (11, 1.78044342994689941406e+00) (12, -1.56929433345794677734e+00) 
