FANN_FLO_2.1
num_layers=3
learning_rate=0.500000
connection_rate=1.000000
network_type=0
learning_momentum=0.000000
training_algorithm=2
train_error_function=1
train_stop_function=0
cascade_output_change_fraction=0.010000
quickprop_decay=-0.000100
quickprop_mu=1.750000
rprop_increase_factor=1.200000
rprop_decrease_factor=0.500000
rprop_delta_min=0.000000
rprop_delta_max=50.000000
rprop_delta_zero=0.100000
cascade_output_stagnation_epochs=12
cascade_candidate_change_fraction=0.010000
cascade_candidate_stagnation_epochs=12
cascade_max_out_epochs=150
cascade_min_out_epochs=50
cascade_max_cand_epochs=150
cascade_min_cand_epochs=50
cascade_num_candidate_groups=2
bit_fail_limit=3.49999994039535522461e-01
cascade_candidate_limit=1.00000000000000000000e+03
cascade_weight_multiplier=4.00000005960464477539e-01
cascade_activation_functions_count=10
cascade_activation_functions=3 5 7 8 10 11 14 15 16 17 
cascade_activation_steepnesses_count=4
cascade_activation_steepnesses=2.50000000000000000000e-01 5.00000000000000000000e-01 7.50000000000000000000e-01 1.00000000000000000000e+00 
layer_sizes=10 3 2 
scale_included=0
neurons (num_inputs, activation_function, activation_steepness)=(0, 0, 0.00000000000000000000e+00) (0, 0, 0.00000000000000000000e+00) (0, 0, 0.00000000000000000000e+00) (0, 0, 0.00000000000000000000e+00) (0, 0, 0.00000000000000000000e+00) (0, 0, 0.00000000000000000000e+00) (0, 0, 0.00000000000000000000e+00) (0, 0, 0.00000000000000000000e+00) (0, 0, 0.00000000000000000000e+00) (0, 0, 0.00000000000000000000e+00) (10, 3, 5.00000000000000000000e-01) (10, 3, 5.00000000000000000000e-01) (0, 3, 0.00000000000000000000e+00) (3, 3, 5.00000000000000000000e-01) (0, 3, 0.00000000000000000000e+00) 
connections (connected_to_neuron, weight)=(0, 6.36283063888549804688e+00) (1, -1.75522935390472412109e+00) (2, 5.08007574081420898438e+00) (3, 6.54835033416748046875e+00) (4, -4.05932903289794921875e+00) (5, -2.05545455217361450195e-01) (6, 4.04944753646850585938e+00) (7, 3.48940539360046386719e+00) (8, 9.35289573669433593750e+00) (9, -7.37943983078002929688e+00) (0, 7.64251184463500976562e+00) (1, -7.75909066200256347656e-01) (2, 4.48578786849975585938e+00) (3, 1.19248890876770019531e+00) (4, -4.23607110977172851562e+00) (5, 1.59128141403198242188e+01) (6, -5.59288799762725830078e-01) (7, 1.63303756713867187500e+01) (8, -1.60398826599121093750e+01) (9, -6.83522510528564453125e+00) (10, 1.65711557865142822266e+00) (11, 1.14035797119140625000e+00) (12, -1.25428771972656250000e+00) 
