FANN_FLO_2.1
num_layers=3
learning_rate=0.500000
connection_rate=1.000000
network_type=0
learning_momentum=0.000000
training_algorithm=2
train_error_function=1
train_stop_function=0
cascade_output_change_fraction=0.010000
quickprop_decay=-0.000100
quickprop_mu=1.750000
rprop_increase_factor=1.200000
rprop_decrease_factor=0.500000
rprop_delta_min=0.000000
rprop_delta_max=50.000000
rprop_delta_zero=0.100000
cascade_output_stagnation_epochs=12
cascade_candidate_change_fraction=0.010000
cascade_candidate_stagnation_epochs=12
cascade_max_out_epochs=150
cascade_min_out_epochs=50
cascade_max_cand_epochs=150
cascade_min_cand_epochs=50
cascade_num_candidate_groups=2
bit_fail_limit=3.49999994039535522461e-01
cascade_candidate_limit=1.00000000000000000000e+03
cascade_weight_multiplier=4.00000005960464477539e-01
cascade_activation_functions_count=10
cascade_activation_functions=3 5 7 8 10 11 14 15 16 17 
cascade_activation_steepnesses_count=4
cascade_activation_steepnesses=2.50000000000000000000e-01 5.00000000000000000000e-01 7.50000000000000000000e-01 1.00000000000000000000e+00 
layer_sizes=10 3 2 
scale_included=0
neurons (num_inputs, activation_function, activation_steepness)=(0, 0, 0.00000000000000000000e+00) (0, 0, 0.00000000000000000000e+00) (0, 0, 0.00000000000000000000e+00) (0, 0, 0.00000000000000000000e+00) (0, 0, 0.00000000000000000000e+00) (0, 0, 0.00000000000000000000e+00) (0, 0, 0.00000000000000000000e+00) (0, 0, 0.00000000000000000000e+00) (0, 0, 0.00000000000000000000e+00) (0, 0, 0.00000000000000000000e+00) (10, 3, 5.00000000000000000000e-01) (10, 3, 5.00000000000000000000e-01) (0, 3, 0.00000000000000000000e+00) (3, 3, 5.00000000000000000000e-01) (0, 3, 0.00000000000000000000e+00) 
connections (connected_to_neuron, weight)=(0, -3.08655285835266113281e+00) (1, 6.21021270751953125000e+00) (2, 9.52898979187011718750e+00) (3, -1.49493989944458007812e+01) (4, 1.30765303969383239746e-01) (5, 1.30899076461791992188e+01) (6, -9.89372920989990234375e+00) (7, -6.06552743911743164062e+00) (8, 4.84869527816772460938e+00) (9, -4.41502332687377929688e+00) (0, 3.33679223060607910156e+00) (1, -1.15890312194824218750e+01) (2, 3.20734024047851562500e+00) (3, 1.21850728988647460938e+01) (4, 4.99048233032226562500e+00) (5, -1.74480724334716796875e+01) (6, 1.04861907958984375000e+01) (7, 5.27102947235107421875e+00) (8, -2.02129006385803222656e+00) (9, -6.08261346817016601562e+00) (10, 4.93075895309448242188e+00) (11, 2.42918324470520019531e+00) (12, 9.28007960319519042969e-02) 
