FANN_FLO_2.1
num_layers=3
learning_rate=0.500000
connection_rate=1.000000
network_type=0
learning_momentum=0.000000
training_algorithm=2
train_error_function=1
train_stop_function=0
cascade_output_change_fraction=0.010000
quickprop_decay=-0.000100
quickprop_mu=1.750000
rprop_increase_factor=1.200000
rprop_decrease_factor=0.500000
rprop_delta_min=0.000000
rprop_delta_max=50.000000
rprop_delta_zero=0.100000
cascade_output_stagnation_epochs=12
cascade_candidate_change_fraction=0.010000
cascade_candidate_stagnation_epochs=12
cascade_max_out_epochs=150
cascade_min_out_epochs=50
cascade_max_cand_epochs=150
cascade_min_cand_epochs=50
cascade_num_candidate_groups=2
bit_fail_limit=3.49999994039535522461e-01
cascade_candidate_limit=1.00000000000000000000e+03
cascade_weight_multiplier=4.00000005960464477539e-01
cascade_activation_functions_count=10
cascade_activation_functions=3 5 7 8 10 11 14 15 16 17 
cascade_activation_steepnesses_count=4
cascade_activation_steepnesses=2.50000000000000000000e-01 5.00000000000000000000e-01 7.50000000000000000000e-01 1.00000000000000000000e+00 
layer_sizes=10 5 2 
scale_included=0
neurons (num_inputs, activation_function, activation_steepness)=(0, 0, 0.00000000000000000000e+00) (0, 0, 0.00000000000000000000e+00) (0, 0, 0.00000000000000000000e+00) (0, 0, 0.00000000000000000000e+00) (0, 0, 0.00000000000000000000e+00) (0, 0, 0.00000000000000000000e+00) (0, 0, 0.00000000000000000000e+00) (0, 0, 0.00000000000000000000e+00) (0, 0, 0.00000000000000000000e+00) (0, 0, 0.00000000000000000000e+00) (10, 3, 5.00000000000000000000e-01) (10, 3, 5.00000000000000000000e-01) (10, 3, 5.00000000000000000000e-01) (10, 3, 5.00000000000000000000e-01) (0, 3, 0.00000000000000000000e+00) (5, 3, 5.00000000000000000000e-01) (0, 3, 0.00000000000000000000e+00) 
connections (connected_to_neuron, weight)=(0, 7.88458538055419921875e+00) (1, -3.68429154157638549805e-01) (2, -5.40919733047485351562e+00) (3, 1.70003433227539062500e+01) (4, -1.80810832977294921875e+00) (5, -1.57390241622924804688e+01) (6, 4.03148221969604492188e+00) (7, -1.82930731773376464844e+00) (8, -7.86843585968017578125e+00) (9, -8.14689218997955322266e-01) (0, -1.36185178756713867188e+01) (1, 2.11527843475341796875e+01) (2, -9.15347337722778320312e-01) (3, -2.85553884506225585938e+00) (4, 1.68108209967613220215e-01) (5, -4.98403608798980712891e-02) (6, 6.21238899230957031250e+00) (7, 6.28644657135009765625e+00) (8, 5.02462816238403320312e+00) (9, -6.42682409286499023438e+00) (0, 5.04689550399780273438e+00) (1, 3.25903439521789550781e+00) (2, -5.14001417160034179688e+00) (3, 1.39261131286621093750e+01) (4, 8.45781624317169189453e-01) (5, -1.47495727539062500000e+01) (6, 7.30500459671020507812e+00) (7, -5.52061140537261962891e-01) (8, -5.64137744903564453125e+00) (9, -1.39139726758003234863e-01) (0, -3.79339528083801269531e+00) (1, 1.28504905700683593750e+01) (2, 3.39083850383758544922e-01) (3, -2.04631185531616210938e+00) (4, 1.04949247837066650391e+00) (5, -2.49250960350036621094e+00) (6, 4.57355546951293945312e+00) (7, 5.88745307922363281250e+00) (8, 3.17532730102539062500e+00) (9, -5.80922698974609375000e+00) (10, 5.43468284606933593750e+00) (11, 2.10866641998291015625e+00) (12, -3.87784719467163085938e+00) (13, 7.73327231407165527344e-01) (14, 4.35934990644454956055e-01) 
