FANN_FLO_2.1
num_layers=3
learning_rate=0.500000
connection_rate=1.000000
network_type=0
learning_momentum=0.000000
training_algorithm=2
train_error_function=1
train_stop_function=0
cascade_output_change_fraction=0.010000
quickprop_decay=-0.000100
quickprop_mu=1.750000
rprop_increase_factor=1.200000
rprop_decrease_factor=0.500000
rprop_delta_min=0.000000
rprop_delta_max=50.000000
rprop_delta_zero=0.100000
cascade_output_stagnation_epochs=12
cascade_candidate_change_fraction=0.010000
cascade_candidate_stagnation_epochs=12
cascade_max_out_epochs=150
cascade_min_out_epochs=50
cascade_max_cand_epochs=150
cascade_min_cand_epochs=50
cascade_num_candidate_groups=2
bit_fail_limit=3.49999994039535522461e-01
cascade_candidate_limit=1.00000000000000000000e+03
cascade_weight_multiplier=4.00000005960464477539e-01
cascade_activation_functions_count=10
cascade_activation_functions=3 5 7 8 10 11 14 15 16 17 
cascade_activation_steepnesses_count=4
cascade_activation_steepnesses=2.50000000000000000000e-01 5.00000000000000000000e-01 7.50000000000000000000e-01 1.00000000000000000000e+00 
layer_sizes=6 5 2 
scale_included=0
neurons (num_inputs, activation_function, activation_steepness)=(0, 0, 0.00000000000000000000e+00) (0, 0, 0.00000000000000000000e+00) (0, 0, 0.00000000000000000000e+00) (0, 0, 0.00000000000000000000e+00) (0, 0, 0.00000000000000000000e+00) (0, 0, 0.00000000000000000000e+00) (6, 3, 5.00000000000000000000e-01) (6, 3, 5.00000000000000000000e-01) (6, 3, 5.00000000000000000000e-01) (6, 3, 5.00000000000000000000e-01) (0, 3, 0.00000000000000000000e+00) (5, 0, 5.00000000000000000000e-01) (0, 0, 0.00000000000000000000e+00) 
connections (connected_to_neuron, weight)=(0, -7.71234855055809020996e-02) (1, 3.77948768436908721924e-02) (2, 1.28800153732299804688e-01) (3, -2.20208525657653808594e-01) (4, -5.44883608818054199219e-02) (5, 3.64052057266235351562e-01) (0, -1.17774903774261474609e-01) (1, -3.30479927361011505127e-02) (2, 4.07433547079563140869e-02) (3, -8.13831314444541931152e-02) (4, -1.64338201284408569336e-01) (5, 4.20623302459716796875e-01) (0, 1.58136114478111267090e-01) (1, 3.43448519706726074219e-02) (2, 1.47243216633796691895e-01) (3, -3.25517982244491577148e-01) (4, -1.87593698501586914062e-02) (5, 3.74743252992630004883e-01) (0, 1.25426054000854492188e+00) (1, 2.30208253860473632812e+00) (2, -1.00156545639038085938e+01) (3, 7.42580366134643554688e+00) (4, 3.14179778099060058594e-01) (5, 3.12241506576538085938e+00) (6, 1.12611722946166992188e+00) (7, 1.07498979568481445312e+00) (8, 1.11292731761932373047e+00) (9, 1.28583812713623046875e+00) (10, 1.11223375797271728516e+00) 
