FANN_FLO_2.1
num_layers=3
learning_rate=0.500000
connection_rate=1.000000
network_type=0
learning_momentum=0.000000
training_algorithm=2
train_error_function=1
train_stop_function=0
cascade_output_change_fraction=0.010000
quickprop_decay=-0.000100
quickprop_mu=1.750000
rprop_increase_factor=1.200000
rprop_decrease_factor=0.500000
rprop_delta_min=0.000000
rprop_delta_max=50.000000
rprop_delta_zero=0.100000
cascade_output_stagnation_epochs=12
cascade_candidate_change_fraction=0.010000
cascade_candidate_stagnation_epochs=12
cascade_max_out_epochs=150
cascade_min_out_epochs=50
cascade_max_cand_epochs=150
cascade_min_cand_epochs=50
cascade_num_candidate_groups=2
bit_fail_limit=3.49999994039535522461e-01
cascade_candidate_limit=1.00000000000000000000e+03
cascade_weight_multiplier=4.00000005960464477539e-01
cascade_activation_functions_count=10
cascade_activation_functions=3 5 7 8 10 11 14 15 16 17 
cascade_activation_steepnesses_count=4
cascade_activation_steepnesses=2.50000000000000000000e-01 5.00000000000000000000e-01 7.50000000000000000000e-01 1.00000000000000000000e+00 
layer_sizes=10 3 2 
scale_included=0
neurons (num_inputs, activation_function, activation_steepness)=(0, 0, 0.00000000000000000000e+00) (0, 0, 0.00000000000000000000e+00) (0, 0, 0.00000000000000000000e+00) (0, 0, 0.00000000000000000000e+00) (0, 0, 0.00000000000000000000e+00) (0, 0, 0.00000000000000000000e+00) (0, 0, 0.00000000000000000000e+00) (0, 0, 0.00000000000000000000e+00) (0, 0, 0.00000000000000000000e+00) (0, 0, 0.00000000000000000000e+00) (10, 3, 5.00000000000000000000e-01) (10, 3, 5.00000000000000000000e-01) (0, 3, 0.00000000000000000000e+00) (3, 3, 5.00000000000000000000e-01) (0, 3, 0.00000000000000000000e+00) 
connections (connected_to_neuron, weight)=(0, 5.47362041473388671875e+00) (1, 4.94627141952514648438e+00) (2, -2.99740219116210937500e+00) (3, 7.88482427597045898438e+00) (4, -9.88002777099609375000e+00) (5, 1.18062505722045898438e+01) (6, -5.63461828231811523438e+00) (7, 1.41652975082397460938e+01) (8, -8.20739090442657470703e-01) (9, -8.05570411682128906250e+00) (0, 4.23357820510864257812e+00) (1, 3.89568471908569335938e+00) (2, 4.35948419570922851562e+00) (3, 5.49423980712890625000e+00) (4, -1.90122070312500000000e+01) (5, 4.13336801528930664062e+00) (6, 1.36798202991485595703e-01) (7, 7.61398601531982421875e+00) (8, 1.60409474372863769531e+00) (9, -1.92099916934967041016e+00) (10, 9.77168798446655273438e-01) (11, 1.14879429340362548828e+00) (12, -8.12515437602996826172e-01) 
