FANN_FLO_2.1
num_layers=3
learning_rate=0.500000
connection_rate=1.000000
network_type=0
learning_momentum=0.000000
training_algorithm=2
train_error_function=1
train_stop_function=0
cascade_output_change_fraction=0.010000
quickprop_decay=-0.000100
quickprop_mu=1.750000
rprop_increase_factor=1.200000
rprop_decrease_factor=0.500000
rprop_delta_min=0.000000
rprop_delta_max=50.000000
rprop_delta_zero=0.100000
cascade_output_stagnation_epochs=12
cascade_candidate_change_fraction=0.010000
cascade_candidate_stagnation_epochs=12
cascade_max_out_epochs=150
cascade_min_out_epochs=50
cascade_max_cand_epochs=150
cascade_min_cand_epochs=50
cascade_num_candidate_groups=2
bit_fail_limit=3.49999994039535522461e-01
cascade_candidate_limit=1.00000000000000000000e+03
cascade_weight_multiplier=4.00000005960464477539e-01
cascade_activation_functions_count=10
cascade_activation_functions=3 5 7 8 10 11 14 15 16 17 
cascade_activation_steepnesses_count=4
cascade_activation_steepnesses=2.50000000000000000000e-01 5.00000000000000000000e-01 7.50000000000000000000e-01 1.00000000000000000000e+00 
layer_sizes=6 5 2 
scale_included=0
neurons (num_inputs, activation_function, activation_steepness)=(0, 0, 0.00000000000000000000e+00) (0, 0, 0.00000000000000000000e+00) (0, 0, 0.00000000000000000000e+00) (0, 0, 0.00000000000000000000e+00) (0, 0, 0.00000000000000000000e+00) (0, 0, 0.00000000000000000000e+00) (6, 3, 5.00000000000000000000e-01) (6, 3, 5.00000000000000000000e-01) (6, 3, 5.00000000000000000000e-01) (6, 3, 5.00000000000000000000e-01) (0, 3, 0.00000000000000000000e+00) (5, 0, 5.00000000000000000000e-01) (0, 0, 0.00000000000000000000e+00) 
connections (connected_to_neuron, weight)=(0, -4.21334430575370788574e-02) (1, 4.20307405292987823486e-02) (2, 5.82004990428686141968e-03) (3, -4.13354843854904174805e-01) (4, 3.87927591800689697266e-01) (5, 5.36468982696533203125e-01) (0, -4.30718390271067619324e-03) (1, 1.60079732537269592285e-01) (2, -1.53548195958137512207e-01) (3, 1.75893172621726989746e-01) (4, -9.74962711334228515625e-01) (5, 4.85387772321701049805e-01) (0, 2.74663455784320831299e-02) (1, 2.05653131008148193359e-01) (2, -1.31344482302665710449e-01) (3, -3.27226340770721435547e-01) (4, 3.39984238147735595703e-01) (5, 6.55469834804534912109e-01) (0, 8.06429326534271240234e-01) (1, -1.03056058883666992188e+01) (2, 9.24849128723144531250e+00) (3, 1.02671222686767578125e+01) (4, -1.50532073974609375000e+01) (5, 5.35468006134033203125e+00) (6, 1.05657351016998291016e+00) (7, 1.06772816181182861328e+00) (8, 1.02573895454406738281e+00) (9, 1.23545622825622558594e+00) (10, 1.11624670028686523438e+00) 
