FANN_FLO_2.1
num_layers=3
learning_rate=0.500000
connection_rate=1.000000
network_type=0
learning_momentum=0.000000
training_algorithm=2
train_error_function=1
train_stop_function=0
cascade_output_change_fraction=0.010000
quickprop_decay=-0.000100
quickprop_mu=1.750000
rprop_increase_factor=1.200000
rprop_decrease_factor=0.500000
rprop_delta_min=0.000000
rprop_delta_max=50.000000
rprop_delta_zero=0.100000
cascade_output_stagnation_epochs=12
cascade_candidate_change_fraction=0.010000
cascade_candidate_stagnation_epochs=12
cascade_max_out_epochs=150
cascade_min_out_epochs=50
cascade_max_cand_epochs=150
cascade_min_cand_epochs=50
cascade_num_candidate_groups=2
bit_fail_limit=3.49999994039535522461e-01
cascade_candidate_limit=1.00000000000000000000e+03
cascade_weight_multiplier=4.00000005960464477539e-01
cascade_activation_functions_count=10
cascade_activation_functions=3 5 7 8 10 11 14 15 16 17 
cascade_activation_steepnesses_count=4
cascade_activation_steepnesses=2.50000000000000000000e-01 5.00000000000000000000e-01 7.50000000000000000000e-01 1.00000000000000000000e+00 
layer_sizes=6 5 2 
scale_included=0
neurons (num_inputs, activation_function, activation_steepness)=(0, 0, 0.00000000000000000000e+00) (0, 0, 0.00000000000000000000e+00) (0, 0, 0.00000000000000000000e+00) (0, 0, 0.00000000000000000000e+00) (0, 0, 0.00000000000000000000e+00) (0, 0, 0.00000000000000000000e+00) (6, 3, 5.00000000000000000000e-01) (6, 3, 5.00000000000000000000e-01) (6, 3, 5.00000000000000000000e-01) (6, 3, 5.00000000000000000000e-01) (0, 3, 0.00000000000000000000e+00) (5, 0, 5.00000000000000000000e-01) (0, 0, 0.00000000000000000000e+00) 
connections (connected_to_neuron, weight)=(0, -5.85535466670989990234e-02) (1, 3.42416986823081970215e-02) (2, -1.70483395457267761230e-01) (3, -3.53417187929153442383e-01) (4, -1.69494420289993286133e-01) (5, 2.20351144671440124512e-01) (0, 1.11361527442932128906e+00) (1, -1.13701381683349609375e+01) (2, 1.01490497589111328125e+01) (3, 1.50722122192382812500e+01) (4, -1.35744237899780273438e+01) (5, 5.03709650039672851562e+00) (0, 3.56808006763458251953e-02) (1, 3.56273323297500610352e-01) (2, -8.87642130255699157715e-02) (3, -2.08650082349777221680e-01) (4, -1.58131033182144165039e-01) (5, 2.26900562644004821777e-01) (0, 1.20897972583770751953e+00) (1, -2.71480870246887207031e+00) (2, 5.95900487899780273438e+00) (3, 1.58191184997558593750e+01) (4, -1.00079584121704101562e+01) (5, 8.19736385345458984375e+00) (6, 1.01928365230560302734e+00) (7, 1.06105196475982666016e+00) (8, 9.78340566158294677734e-01) (9, 1.06283342838287353516e+00) (10, 1.12143826484680175781e+00) 
