FANN_FLO_2.1
num_layers=3
learning_rate=0.500000
connection_rate=1.000000
network_type=0
learning_momentum=0.000000
training_algorithm=2
train_error_function=1
train_stop_function=0
cascade_output_change_fraction=0.010000
quickprop_decay=-0.000100
quickprop_mu=1.750000
rprop_increase_factor=1.200000
rprop_decrease_factor=0.500000
rprop_delta_min=0.000000
rprop_delta_max=50.000000
rprop_delta_zero=0.100000
cascade_output_stagnation_epochs=12
cascade_candidate_change_fraction=0.010000
cascade_candidate_stagnation_epochs=12
cascade_max_out_epochs=150
cascade_min_out_epochs=50
cascade_max_cand_epochs=150
cascade_min_cand_epochs=50
cascade_num_candidate_groups=2
bit_fail_limit=3.49999994039535522461e-01
cascade_candidate_limit=1.00000000000000000000e+03
cascade_weight_multiplier=4.00000005960464477539e-01
cascade_activation_functions_count=10
cascade_activation_functions=3 5 7 8 10 11 14 15 16 17 
cascade_activation_steepnesses_count=4
cascade_activation_steepnesses=2.50000000000000000000e-01 5.00000000000000000000e-01 7.50000000000000000000e-01 1.00000000000000000000e+00 
layer_sizes=10 5 2 
scale_included=0
neurons (num_inputs, activation_function, activation_steepness)=(0, 0, 0.00000000000000000000e+00) (0, 0, 0.00000000000000000000e+00) (0, 0, 0.00000000000000000000e+00) (0, 0, 0.00000000000000000000e+00) (0, 0, 0.00000000000000000000e+00) (0, 0, 0.00000000000000000000e+00) (0, 0, 0.00000000000000000000e+00) (0, 0, 0.00000000000000000000e+00) (0, 0, 0.00000000000000000000e+00) (0, 0, 0.00000000000000000000e+00) (10, 3, 5.00000000000000000000e-01) (10, 3, 5.00000000000000000000e-01) (10, 3, 5.00000000000000000000e-01) (10, 3, 5.00000000000000000000e-01) (0, 3, 0.00000000000000000000e+00) (5, 3, 5.00000000000000000000e-01) (0, 3, 0.00000000000000000000e+00) 
connections (connected_to_neuron, weight)=(0, -6.80767726898193359375e+00) (1, -3.03888816833496093750e+01) (2, -9.53691768646240234375e+00) (3, -3.89720988273620605469e+00) (4, 3.87514400482177734375e+00) (5, 1.94425868988037109375e+00) (6, 8.95399570465087890625e+00) (7, 2.72890510559082031250e+01) (8, 3.94354748725891113281e+00) (9, -2.35469079017639160156e+00) (0, 5.54497051239013671875e+00) (1, 7.89397192001342773438e+00) (2, 9.79880332946777343750e+00) (3, 2.01368069648742675781e+00) (4, 2.28063225746154785156e+00) (5, -1.16939282417297363281e+00) (6, -6.89569282531738281250e+00) (7, -1.96947994232177734375e+01) (8, -4.94689321517944335938e+00) (9, -1.19948637485504150391e+00) (0, 4.55565834045410156250e+00) (1, 1.31510269641876220703e+00) (2, -1.20470657348632812500e+01) (3, 1.96995341777801513672e+00) (4, -3.88150882720947265625e+00) (5, -2.80794531106948852539e-01) (6, 9.85724449157714843750e+00) (7, -3.63575363159179687500e+00) (8, 2.64703254699707031250e+01) (9, -7.51159143447875976562e+00) (0, 4.14578771591186523438e+00) (1, 6.73335731029510498047e-01) (2, -5.46814775466918945312e+00) (3, 7.04533290863037109375e+00) (4, -1.13066697120666503906e+00) (5, 3.07098436355590820312e+00) (6, 9.20611572265625000000e+00) (7, -2.06420135498046875000e+00) (8, 1.72391319274902343750e+01) (9, -1.11377382278442382812e+01) (10, 3.50522041320800781250e+00) (11, 4.98124265670776367188e+00) (12, 4.44675773382186889648e-01) (13, 1.13678824901580810547e+00) (14, -1.45365524291992187500e+00) 
