FANN_FLO_2.1
num_layers=3
learning_rate=0.500000
connection_rate=1.000000
network_type=0
learning_momentum=0.000000
training_algorithm=2
train_error_function=1
train_stop_function=0
cascade_output_change_fraction=0.010000
quickprop_decay=-0.000100
quickprop_mu=1.750000
rprop_increase_factor=1.200000
rprop_decrease_factor=0.500000
rprop_delta_min=0.000000
rprop_delta_max=50.000000
rprop_delta_zero=0.100000
cascade_output_stagnation_epochs=12
cascade_candidate_change_fraction=0.010000
cascade_candidate_stagnation_epochs=12
cascade_max_out_epochs=150
cascade_min_out_epochs=50
cascade_max_cand_epochs=150
cascade_min_cand_epochs=50
cascade_num_candidate_groups=2
bit_fail_limit=3.49999994039535522461e-01
cascade_candidate_limit=1.00000000000000000000e+03
cascade_weight_multiplier=4.00000005960464477539e-01
cascade_activation_functions_count=10
cascade_activation_functions=3 5 7 8 10 11 14 15 16 17 
cascade_activation_steepnesses_count=4
cascade_activation_steepnesses=2.50000000000000000000e-01 5.00000000000000000000e-01 7.50000000000000000000e-01 1.00000000000000000000e+00 
layer_sizes=10 5 2 
scale_included=0
neurons (num_inputs, activation_function, activation_steepness)=(0, 0, 0.00000000000000000000e+00) (0, 0, 0.00000000000000000000e+00) (0, 0, 0.00000000000000000000e+00) (0, 0, 0.00000000000000000000e+00) (0, 0, 0.00000000000000000000e+00) (0, 0, 0.00000000000000000000e+00) (0, 0, 0.00000000000000000000e+00) (0, 0, 0.00000000000000000000e+00) (0, 0, 0.00000000000000000000e+00) (0, 0, 0.00000000000000000000e+00) (10, 3, 5.00000000000000000000e-01) (10, 3, 5.00000000000000000000e-01) (10, 3, 5.00000000000000000000e-01) (10, 3, 5.00000000000000000000e-01) (0, 3, 0.00000000000000000000e+00) (5, 3, 5.00000000000000000000e-01) (0, 3, 0.00000000000000000000e+00) 
connections (connected_to_neuron, weight)=(0, -1.50000000000000000000e+03) (1, -1.50000000000000000000e+03) (2, -1.47716137695312500000e+03) (3, -1.50000000000000000000e+03) (4, -1.50000000000000000000e+03) (5, -1.50000000000000000000e+03) (6, -1.50000000000000000000e+03) (7, -1.50000000000000000000e+03) (8, -1.50000000000000000000e+03) (9, -4.83061283826828002930e-01) (0, 6.14174509048461914062e+00) (1, 7.42597460746765136719e-01) (2, -1.05319404602050781250e+01) (3, 5.81002521514892578125e+00) (4, 7.28615820407867431641e-01) (5, 1.36899518966674804688e+01) (6, 6.24449920654296875000e+00) (7, 1.27145147323608398438e+00) (8, 1.01590991020202636719e+00) (9, -8.85541439056396484375e+00) (0, -9.64573144912719726562e-01) (1, 1.33922100067138671875e+01) (2, 9.73196887969970703125e+00) (3, -9.46608352661132812500e+00) (4, -2.09049081802368164062e+00) (5, 6.75236749649047851562e+00) (6, -1.10611114501953125000e+01) (7, -8.93501949310302734375e+00) (8, 4.57809597253799438477e-01) (9, -2.79548025131225585938e+00) (0, 6.90491199493408203125e-01) (1, -1.05099020004272460938e+01) (2, -1.00639476776123046875e+01) (3, 7.42203330993652343750e+00) (4, -2.34105396270751953125e+00) (5, -5.68928861618041992188e+00) (6, 8.25421905517578125000e+00) (7, 6.75105333328247070312e+00) (8, -9.19211268424987792969e-01) (9, 1.29303860664367675781e+00) (10, 1.50000000000000000000e+03) (11, 1.55726122856140136719e+00) (12, 5.16629028320312500000e+00) (13, 3.37865996360778808594e+00) (14, -1.77622830867767333984e+00) 
