FANN_FLO_2.1
num_layers=3
learning_rate=0.500000
connection_rate=1.000000
network_type=0
learning_momentum=0.000000
training_algorithm=2
train_error_function=1
train_stop_function=0
cascade_output_change_fraction=0.010000
quickprop_decay=-0.000100
quickprop_mu=1.750000
rprop_increase_factor=1.200000
rprop_decrease_factor=0.500000
rprop_delta_min=0.000000
rprop_delta_max=50.000000
rprop_delta_zero=0.100000
cascade_output_stagnation_epochs=12
cascade_candidate_change_fraction=0.010000
cascade_candidate_stagnation_epochs=12
cascade_max_out_epochs=150
cascade_min_out_epochs=50
cascade_max_cand_epochs=150
cascade_min_cand_epochs=50
cascade_num_candidate_groups=2
bit_fail_limit=3.49999994039535522461e-01
cascade_candidate_limit=1.00000000000000000000e+03
cascade_weight_multiplier=4.00000005960464477539e-01
cascade_activation_functions_count=10
cascade_activation_functions=3 5 7 8 10 11 14 15 16 17 
cascade_activation_steepnesses_count=4
cascade_activation_steepnesses=2.50000000000000000000e-01 5.00000000000000000000e-01 7.50000000000000000000e-01 1.00000000000000000000e+00 
layer_sizes=10 3 2 
scale_included=0
neurons (num_inputs, activation_function, activation_steepness)=(0, 0, 0.00000000000000000000e+00) (0, 0, 0.00000000000000000000e+00) (0, 0, 0.00000000000000000000e+00) (0, 0, 0.00000000000000000000e+00) (0, 0, 0.00000000000000000000e+00) (0, 0, 0.00000000000000000000e+00) (0, 0, 0.00000000000000000000e+00) (0, 0, 0.00000000000000000000e+00) (0, 0, 0.00000000000000000000e+00) (0, 0, 0.00000000000000000000e+00) (10, 3, 5.00000000000000000000e-01) (10, 3, 5.00000000000000000000e-01) (0, 3, 0.00000000000000000000e+00) (3, 3, 5.00000000000000000000e-01) (0, 3, 0.00000000000000000000e+00) 
connections (connected_to_neuron, weight)=(0, 1.05701951980590820312e+01) (1, -7.31369435787200927734e-01) (2, 2.44997191429138183594e+00) (3, 1.09571428298950195312e+01) (4, -1.49372994899749755859e+00) (5, -8.74133872985839843750e+00) (6, -7.32529115676879882812e+00) (7, -3.45610427856445312500e+00) (8, 3.04382705688476562500e+01) (9, -6.50307512283325195312e+00) (0, 4.02866697311401367188e+00) (1, 1.69330775737762451172e+00) (2, -2.21589371562004089355e-01) (3, 9.75264835357666015625e+00) (4, -3.39520573616027832031e+00) (5, 1.33805770874023437500e+01) (6, 4.05307340621948242188e+00) (7, 3.65134668350219726562e+00) (8, -1.80726945400238037109e+00) (9, -8.52330684661865234375e+00) (10, 1.85285687446594238281e+00) (11, 1.68644773960113525391e+00) (12, -1.88558614253997802734e+00) 
