FANN_FLO_2.1
num_layers=3
learning_rate=0.500000
connection_rate=1.000000
network_type=0
learning_momentum=0.000000
training_algorithm=2
train_error_function=1
train_stop_function=0
cascade_output_change_fraction=0.010000
quickprop_decay=-0.000100
quickprop_mu=1.750000
rprop_increase_factor=1.200000
rprop_decrease_factor=0.500000
rprop_delta_min=0.000000
rprop_delta_max=50.000000
rprop_delta_zero=0.100000
cascade_output_stagnation_epochs=12
cascade_candidate_change_fraction=0.010000
cascade_candidate_stagnation_epochs=12
cascade_max_out_epochs=150
cascade_min_out_epochs=50
cascade_max_cand_epochs=150
cascade_min_cand_epochs=50
cascade_num_candidate_groups=2
bit_fail_limit=3.49999994039535522461e-01
cascade_candidate_limit=1.00000000000000000000e+03
cascade_weight_multiplier=4.00000005960464477539e-01
cascade_activation_functions_count=10
cascade_activation_functions=3 5 7 8 10 11 14 15 16 17 
cascade_activation_steepnesses_count=4
cascade_activation_steepnesses=2.50000000000000000000e-01 5.00000000000000000000e-01 7.50000000000000000000e-01 1.00000000000000000000e+00 
layer_sizes=10 5 2 
scale_included=0
neurons (num_inputs, activation_function, activation_steepness)=(0, 0, 0.00000000000000000000e+00) (0, 0, 0.00000000000000000000e+00) (0, 0, 0.00000000000000000000e+00) (0, 0, 0.00000000000000000000e+00) (0, 0, 0.00000000000000000000e+00) (0, 0, 0.00000000000000000000e+00) (0, 0, 0.00000000000000000000e+00) (0, 0, 0.00000000000000000000e+00) (0, 0, 0.00000000000000000000e+00) (0, 0, 0.00000000000000000000e+00) (10, 3, 5.00000000000000000000e-01) (10, 3, 5.00000000000000000000e-01) (10, 3, 5.00000000000000000000e-01) (10, 3, 5.00000000000000000000e-01) (0, 3, 0.00000000000000000000e+00) (5, 3, 5.00000000000000000000e-01) (0, 3, 0.00000000000000000000e+00) 
connections (connected_to_neuron, weight)=(0, 6.34388732910156250000e+00) (1, -3.42547082901000976562e+00) (2, -1.37511510848999023438e+01) (3, 1.54669847488403320312e+01) (4, 1.43516743183135986328e+00) (5, -1.47870416641235351562e+01) (6, 1.36171178817749023438e+01) (7, 2.67935514450073242188e-01) (8, -7.22571516036987304688e+00) (9, -2.67242693901062011719e+00) (0, -2.56782221794128417969e+00) (1, -1.01099748611450195312e+01) (2, 4.13147068023681640625e+00) (3, 6.11939787864685058594e-01) (4, 1.76204466819763183594e+00) (5, 7.50909376144409179688e+00) (6, 1.61682999134063720703e+00) (7, 1.68755912780761718750e+01) (8, 4.67531651258468627930e-01) (9, -1.01107416152954101562e+01) (0, -9.95973682403564453125e+00) (1, -9.07700347900390625000e+00) (2, -8.01755309104919433594e-01) (3, -9.49592876434326171875e+00) (4, -1.00647950172424316406e+00) (5, 7.36798000335693359375e+00) (6, -4.75750416517257690430e-01) (7, 1.04686851501464843750e+01) (8, 1.06406774520874023438e+01) (9, -2.14477372169494628906e+00) (0, 6.02473735809326171875e+00) (1, 1.21106634140014648438e+01) (2, 1.07834653854370117188e+01) (3, -3.82507681846618652344e+00) (4, 5.20489633083343505859e-01) (5, 1.11444413661956787109e+00) (6, -7.29169607162475585938e+00) (7, -1.74844951629638671875e+01) (8, -3.55473017692565917969e+00) (9, -2.38111233711242675781e+00) (10, 4.95706129074096679688e+00) (11, 1.13935494422912597656e+00) (12, 5.08221626281738281250e+00) (13, 5.45875024795532226562e+00) (14, -2.38528633117675781250e+00) 
