FANN_FLO_2.1
num_layers=3
learning_rate=0.500000
connection_rate=1.000000
network_type=0
learning_momentum=0.000000
training_algorithm=2
train_error_function=1
train_stop_function=0
cascade_output_change_fraction=0.010000
quickprop_decay=-0.000100
quickprop_mu=1.750000
rprop_increase_factor=1.200000
rprop_decrease_factor=0.500000
rprop_delta_min=0.000000
rprop_delta_max=50.000000
rprop_delta_zero=0.100000
cascade_output_stagnation_epochs=12
cascade_candidate_change_fraction=0.010000
cascade_candidate_stagnation_epochs=12
cascade_max_out_epochs=150
cascade_min_out_epochs=50
cascade_max_cand_epochs=150
cascade_min_cand_epochs=50
cascade_num_candidate_groups=2
bit_fail_limit=3.49999994039535522461e-01
cascade_candidate_limit=1.00000000000000000000e+03
cascade_weight_multiplier=4.00000005960464477539e-01
cascade_activation_functions_count=10
cascade_activation_functions=3 5 7 8 10 11 14 15 16 17 
cascade_activation_steepnesses_count=4
cascade_activation_steepnesses=2.50000000000000000000e-01 5.00000000000000000000e-01 7.50000000000000000000e-01 1.00000000000000000000e+00 
layer_sizes=6 5 2 
scale_included=0
neurons (num_inputs, activation_function, activation_steepness)=(0, 0, 0.00000000000000000000e+00) (0, 0, 0.00000000000000000000e+00) (0, 0, 0.00000000000000000000e+00) (0, 0, 0.00000000000000000000e+00) (0, 0, 0.00000000000000000000e+00) (0, 0, 0.00000000000000000000e+00) (6, 3, 5.00000000000000000000e-01) (6, 3, 5.00000000000000000000e-01) (6, 3, 5.00000000000000000000e-01) (6, 3, 5.00000000000000000000e-01) (0, 3, 0.00000000000000000000e+00) (5, 0, 5.00000000000000000000e-01) (0, 0, 0.00000000000000000000e+00) 
connections (connected_to_neuron, weight)=(0, -1.77224036306142807007e-02) (1, -1.47010877728462219238e-01) (2, 1.02077536284923553467e-01) (3, 5.87764561176300048828e-01) (4, -5.67810177803039550781e-01) (5, 4.21560168266296386719e-01) (0, 8.90019116923213005066e-04) (1, 8.97863954305648803711e-02) (2, -3.23459565639495849609e-01) (3, -1.15700769424438476562e+00) (4, 2.13233172893524169922e-01) (5, 3.96521270275115966797e-01) (0, -1.38982078060507774353e-02) (1, 2.64522403478622436523e-01) (2, 8.75736698508262634277e-02) (3, 2.00209930539131164551e-01) (4, -2.18733131885528564453e-01) (5, 2.72535264492034912109e-01) (0, 1.23840129375457763672e+00) (1, -7.34619998931884765625e+00) (2, 4.19160604476928710938e-01) (3, 2.68203182220458984375e+01) (4, -2.60421729087829589844e+00) (5, 6.50758934020996093750e+00) (6, 1.06089198589324951172e+00) (7, 1.11080217361450195312e+00) (8, 1.12375450134277343750e+00) (9, 1.28320419788360595703e+00) (10, 1.12901568412780761719e+00) 
