FANN_FLO_2.1
num_layers=3
learning_rate=0.500000
connection_rate=1.000000
network_type=0
learning_momentum=0.000000
training_algorithm=2
train_error_function=1
train_stop_function=0
cascade_output_change_fraction=0.010000
quickprop_decay=-0.000100
quickprop_mu=1.750000
rprop_increase_factor=1.200000
rprop_decrease_factor=0.500000
rprop_delta_min=0.000000
rprop_delta_max=50.000000
rprop_delta_zero=0.100000
cascade_output_stagnation_epochs=12
cascade_candidate_change_fraction=0.010000
cascade_candidate_stagnation_epochs=12
cascade_max_out_epochs=150
cascade_min_out_epochs=50
cascade_max_cand_epochs=150
cascade_min_cand_epochs=50
cascade_num_candidate_groups=2
bit_fail_limit=3.49999994039535522461e-01
cascade_candidate_limit=1.00000000000000000000e+03
cascade_weight_multiplier=4.00000005960464477539e-01
cascade_activation_functions_count=10
cascade_activation_functions=3 5 7 8 10 11 14 15 16 17 
cascade_activation_steepnesses_count=4
cascade_activation_steepnesses=2.50000000000000000000e-01 5.00000000000000000000e-01 7.50000000000000000000e-01 1.00000000000000000000e+00 
layer_sizes=10 5 2 
scale_included=0
neurons (num_inputs, activation_function, activation_steepness)=(0, 0, 0.00000000000000000000e+00) (0, 0, 0.00000000000000000000e+00) (0, 0, 0.00000000000000000000e+00) (0, 0, 0.00000000000000000000e+00) (0, 0, 0.00000000000000000000e+00) (0, 0, 0.00000000000000000000e+00) (0, 0, 0.00000000000000000000e+00) (0, 0, 0.00000000000000000000e+00) (0, 0, 0.00000000000000000000e+00) (0, 0, 0.00000000000000000000e+00) (10, 3, 5.00000000000000000000e-01) (10, 3, 5.00000000000000000000e-01) (10, 3, 5.00000000000000000000e-01) (10, 3, 5.00000000000000000000e-01) (0, 3, 0.00000000000000000000e+00) (5, 3, 5.00000000000000000000e-01) (0, 3, 0.00000000000000000000e+00) 
connections (connected_to_neuron, weight)=(0, 7.09899473190307617188e+00) (1, -8.52600002288818359375e+00) (2, -9.96824169158935546875e+00) (3, 1.42256174087524414062e+01) (4, 3.28665876388549804688e+00) (5, -1.93797607421875000000e+01) (6, 1.18268842697143554688e+01) (7, 2.91618680953979492188e+00) (8, -5.21179103851318359375e+00) (9, -2.14373350143432617188e+00) (0, 4.11800622940063476562e+00) (1, 9.92925262451171875000e+00) (2, -3.91303002834320068359e-02) (3, 6.32979202270507812500e+00) (4, -4.16006851196289062500e+00) (5, 1.01672153472900390625e+01) (6, 2.37034678459167480469e+00) (7, 4.42024499177932739258e-01) (8, -7.45451736450195312500e+00) (9, -7.68700981140136718750e+00) (0, 5.60230970382690429688e+00) (1, 2.44550056457519531250e+01) (2, 1.70173950195312500000e+01) (3, -8.28256225585937500000e+00) (4, 1.56325161457061767578e+00) (5, 1.47751057147979736328e+00) (6, -1.48426961898803710938e+01) (7, -2.66926155090332031250e+01) (8, -5.48559999465942382812e+00) (9, -2.17782115936279296875e+00) (0, -1.11387519836425781250e+01) (1, -1.19960365295410156250e+01) (2, 2.44197901338338851929e-02) (3, -1.01289625167846679688e+01) (4, -2.82529264688491821289e-01) (5, 9.95715522766113281250e+00) (6, -2.47215700149536132812e+00) (7, 1.19800920486450195312e+01) (8, 9.88935470581054687500e+00) (9, -1.57649970054626464844e+00) (10, 4.23803377151489257812e+00) (11, 1.39993357658386230469e+00) (12, 3.41634726524353027344e+00) (13, 4.68667411804199218750e+00) (14, -2.47445940971374511719e+00) 
