FANN_FLO_2.1
num_layers=3
learning_rate=0.500000
connection_rate=1.000000
network_type=0
learning_momentum=0.000000
training_algorithm=2
train_error_function=1
train_stop_function=0
cascade_output_change_fraction=0.010000
quickprop_decay=-0.000100
quickprop_mu=1.750000
rprop_increase_factor=1.200000
rprop_decrease_factor=0.500000
rprop_delta_min=0.000000
rprop_delta_max=50.000000
rprop_delta_zero=0.100000
cascade_output_stagnation_epochs=12
cascade_candidate_change_fraction=0.010000
cascade_candidate_stagnation_epochs=12
cascade_max_out_epochs=150
cascade_min_out_epochs=50
cascade_max_cand_epochs=150
cascade_min_cand_epochs=50
cascade_num_candidate_groups=2
bit_fail_limit=3.49999994039535522461e-01
cascade_candidate_limit=1.00000000000000000000e+03
cascade_weight_multiplier=4.00000005960464477539e-01
cascade_activation_functions_count=10
cascade_activation_functions=3 5 7 8 10 11 14 15 16 17 
cascade_activation_steepnesses_count=4
cascade_activation_steepnesses=2.50000000000000000000e-01 5.00000000000000000000e-01 7.50000000000000000000e-01 1.00000000000000000000e+00 
layer_sizes=10 5 2 
scale_included=0
neurons (num_inputs, activation_function, activation_steepness)=(0, 0, 0.00000000000000000000e+00) (0, 0, 0.00000000000000000000e+00) (0, 0, 0.00000000000000000000e+00) (0, 0, 0.00000000000000000000e+00) (0, 0, 0.00000000000000000000e+00) (0, 0, 0.00000000000000000000e+00) (0, 0, 0.00000000000000000000e+00) (0, 0, 0.00000000000000000000e+00) (0, 0, 0.00000000000000000000e+00) (0, 0, 0.00000000000000000000e+00) (10, 3, 5.00000000000000000000e-01) (10, 3, 5.00000000000000000000e-01) (10, 3, 5.00000000000000000000e-01) (10, 3, 5.00000000000000000000e-01) (0, 3, 0.00000000000000000000e+00) (5, 3, 5.00000000000000000000e-01) (0, 3, 0.00000000000000000000e+00) 
connections (connected_to_neuron, weight)=(0, -1.56804549694061279297e+00) (1, -5.81361913681030273438e+00) (2, 4.67866563796997070312e+00) (3, 1.39908399581909179688e+01) (4, -2.30855774879455566406e+00) (5, 8.67783927917480468750e+00) (6, 4.00766372680664062500e+00) (7, 8.97493934631347656250e+00) (8, 5.67618668079376220703e-01) (9, -9.82295227050781250000e+00) (0, 7.70975017547607421875e+00) (1, 2.17423915863037109375e+01) (2, 1.40056781768798828125e+01) (3, 2.24284243583679199219e+00) (4, -1.80876040458679199219e+00) (5, 1.35325348377227783203e+00) (6, -8.12570190429687500000e+00) (7, -2.48205051422119140625e+01) (8, -6.73797750473022460938e+00) (9, 5.85315763950347900391e-01) (0, -1.50000000000000000000e+03) (1, -9.23112335205078125000e+01) (2, -3.82843872070312500000e+02) (3, -3.70673950195312500000e+02) (4, -1.28399562835693359375e+00) (5, -1.50000000000000000000e+03) (6, -1.27334680557250976562e+01) (7, 1.50000000000000000000e+03) (8, -1.50000000000000000000e+03) (9, -5.54558420181274414062e+00) (0, 2.78250479698181152344e+00) (1, 1.34426651000976562500e+01) (2, 4.97704553604125976562e+00) (3, 1.22923552989959716797e+00) (4, 1.95476561784744262695e-02) (5, -1.24347142875194549561e-01) (6, -9.79004001617431640625e+00) (7, -1.43839263916015625000e+01) (8, -4.61082172393798828125e+00) (9, 3.00849497318267822266e-01) (10, 2.35761094093322753906e+00) (11, -3.02702307701110839844e+00) (12, 3.02723431587219238281e+00) (13, 5.25093650817871093750e+00) (14, 2.90241599082946777344e-01) 
