FANN_FLO_2.1
num_layers=3
learning_rate=0.500000
connection_rate=1.000000
network_type=0
learning_momentum=0.000000
training_algorithm=2
train_error_function=1
train_stop_function=0
cascade_output_change_fraction=0.010000
quickprop_decay=-0.000100
quickprop_mu=1.750000
rprop_increase_factor=1.200000
rprop_decrease_factor=0.500000
rprop_delta_min=0.000000
rprop_delta_max=50.000000
rprop_delta_zero=0.100000
cascade_output_stagnation_epochs=12
cascade_candidate_change_fraction=0.010000
cascade_candidate_stagnation_epochs=12
cascade_max_out_epochs=150
cascade_min_out_epochs=50
cascade_max_cand_epochs=150
cascade_min_cand_epochs=50
cascade_num_candidate_groups=2
bit_fail_limit=3.49999994039535522461e-01
cascade_candidate_limit=1.00000000000000000000e+03
cascade_weight_multiplier=4.00000005960464477539e-01
cascade_activation_functions_count=10
cascade_activation_functions=3 5 7 8 10 11 14 15 16 17 
cascade_activation_steepnesses_count=4
cascade_activation_steepnesses=2.50000000000000000000e-01 5.00000000000000000000e-01 7.50000000000000000000e-01 1.00000000000000000000e+00 
layer_sizes=10 3 2 
scale_included=0
neurons (num_inputs, activation_function, activation_steepness)=(0, 0, 0.00000000000000000000e+00) (0, 0, 0.00000000000000000000e+00) (0, 0, 0.00000000000000000000e+00) (0, 0, 0.00000000000000000000e+00) (0, 0, 0.00000000000000000000e+00) (0, 0, 0.00000000000000000000e+00) (0, 0, 0.00000000000000000000e+00) (0, 0, 0.00000000000000000000e+00) (0, 0, 0.00000000000000000000e+00) (0, 0, 0.00000000000000000000e+00) (10, 3, 5.00000000000000000000e-01) (10, 3, 5.00000000000000000000e-01) (0, 3, 0.00000000000000000000e+00) (3, 3, 5.00000000000000000000e-01) (0, 3, 0.00000000000000000000e+00) 
connections (connected_to_neuron, weight)=(0, 3.98762416839599609375e+00) (1, 8.49617099761962890625e+00) (2, 1.38971853256225585938e+00) (3, 3.31651306152343750000e+00) (4, -1.44953298568725585938e+01) (5, 2.02667446136474609375e+01) (6, 1.50517721176147460938e+01) (7, 5.63454532623291015625e+00) (8, -1.28174505233764648438e+01) (9, -1.02868547439575195312e+01) (0, 1.36228342056274414062e+01) (1, 5.09477710723876953125e+00) (2, -5.62022256851196289062e+00) (3, 7.03221988677978515625e+00) (4, -7.53011274337768554688e+00) (5, 1.50417823791503906250e+01) (6, 7.08383846282958984375e+00) (7, -6.25105202198028564453e-01) (8, 1.65493946075439453125e+01) (9, -1.42120981216430664062e+01) (10, 6.68678522109985351562e-01) (11, 1.19834733009338378906e+00) (12, -4.14377182722091674805e-01) 
